

biggs fits for each element
 PHOTO ELECTRIC COEFFICIENTS NOS.1 THROUGH 100 AS OF REPORT SC-RR-870070        
  UPDATED FEBRUARY 1987
  1  1    .01  .014    9.921E-01    1.000E-08  0.         0.         0.         
  1  2   .014  .1      9.921E-01   -6.383E+01 -6.446E+00  1.317E+01 -5.045E-02  
  1  3   .1    .8      9.921E-01    3.051E+00 -7.818E+00  1.144E+01  6.959E-02  
  1  4   .8    4.      9.921E-01    7.636E-02 -9.406E-01  6.144E+00  1.425E+00  
  1  5    4.   20.     9.921E-01    1.180E-03 -8.236E-02  2.886E+00  5.534E+00  
  1  6    20.  100.    9.921E-01    1.620E-05 -5.610E-03  1.214E+00  1.761E+01  
  1  7    100.  500.   9.921E-01    1.034E-06 -4.114E-04  6.287E-01  3.927E+01  
  1  8    500. 100000. 9.921E-01    4.599E-07  5.006E-04 -1.425E-02  1.960E+02
  2  1    .01  .025    4.997E-01    1.000E-08  0.         0.         0.         
  2  2    .025   .15   4.997E-01   -1.196E+03  4.759E+02  1.979E+01 -3.540E-01
  2  3     .15   .8    4.997E-01    1.857E+01 -4.079E+01  8.609E+01 -2.618E+00  
  2  4      .8   4.    4.997E-01    1.606E+00 -1.726E+01  8.101E+01 -4.928E+00  
  2  5      4.   20.   4.997E-01    3.663E-03 -3.782E-01  2.288E+01  6.006E+01  
  2  6     20.   100.  4.997E-01    5.934E-04 -1.109E-01  1.388E+01  1.680E+02
  2  7    100.   500.  4.997E-01    1.120E-05 -3.894E-03  6.136E+00  4.354E+02
  2  8    500. 100000. 4.997E-01    4.921E-06  1.493E-03  4.725E+00  7.128E+02
  3  1   .01   .055    4.322E-01   -2.418E+02  3.530E+01 -2.699E-01  5.580E-04
  3  2   .055  .8      4.322E-01   -1.474E+02  1.578E+02  2.036E+02 -8.521E+00 
  3  3    .8    4.     4.322E-01    4.375E+00 -5.094E+01  3.053E+02 -3.064E+01  
  3  4    4.   20.     4.322E-01    4.040E-02 -2.930E+00  1.293E+02  1.828E+02  
  3  5   20.   100.    4.322E-01    3.139E-03 -6.107E-01  7.342E+01  6.652E+02
  3  6   100.   500.   4.322E-01    4.823E-05 -1.161E-02  2.898E+01  2.129E+03
  3  7  500.   100000. 4.322E-01    2.128E-05  1.951E-02  1.009E+01  7.144E+03
  4  1  .01   .111     4.438E-01   -2.785E+02  1.252E+02 -1.912E+00  8.371E-03
  4  2   .111   .8     4.438E-01   -4.798E+02  6.302E+02  4.187E+02 -2.783E+01
  4  3   .8     4.     4.438E-01    1.037E+01 -1.280E+02  8.807E+02 -1.646E+02  
  4  4   4.    20.     4.438E-01    1.018E-01 -8.264E+00  4.158E+02  4.366E+02  
  4  5   20.    100.   4.438E-01    5.693E-03 -1.595E+00  2.644E+02  1.566E+03  
  4  6   100.   500.   4.438E-01    2.129E-04 -7.972E-02  1.155E+02  6.065E+03
  4  7  500.   100000. 4.438E-01    7.797E-05  7.695E-02  3.396E+01  2.439E+04
  5  1  .01     .188   4.625E-01   -3.387E+02  1.923E+02 -2.742E+00  1.204E-02  
  5  2   .188   .8     4.625E-01   -9.943E+02  1.816E+03  3.939E+02 -1.755E+01  
  5  3    .8   4.      4.625E-01    3.689E+00 -8.834E+01  1.525E+03 -2.145E+02  
  5  4   4.    20.     4.625E-01    6.447E-01 -3.953E+01  1.281E+03  1.768E+02  
  5  5   20.    100.   4.625E-01    1.852E-03 -1.356E+00  5.252E+02  5.160E+03  
  5  6   100.  500.    4.625E-01    4.282E-04 -1.297E-01  2.892E+02  1.601E+04
  5  7   500.  100000. 4.625E-01    1.965E-04  1.947E-01  1.001E+02  5.902E+04
  6  1  .01   .0457    4.995E-01    5.704E+03  0.         0.         0.
  6  2  .0457 .284     4.995E-01   -3.935E+02  3.219E+02 -6.549E+00  2.086E-01  
  6  3  .284    .8     4.995E-01   -9.022E+02  1.760E+03  1.549E+03 -2.280E+02  
  6  4   .8     4.     4.995E-01   -7.363E+00 -1.537E+01  2.672E+03 -4.482E+02  
  6  5   4.    20.     4.995E-01    1.640E+00 -9.428E+01  2.872E+03 -5.583E+02  
  6  6   20.    100.   4.995E-01   -3.742E-03 -1.232E+00  9.489E+02  1.406E+04 
  6  7  100.   500.    4.995E-01    6.760E-04 -1.164E-01  6.566E+02  2.739E+04
  6  8  500.   100000. 4.995E-01    4.503E-04  4.692E-01  2.183E+02  1.308E+05
  7  1  .01   .0404    4.998E-01    1.010E+04  0.         0.         0.
  7  2  .0404 .4016    4.998E-01   -3.622E+02  3.873E+02  1.244E+01 -4.452E-01  
  7  3  .4016  .8      4.998E-01   -2.338E+03  5.732E+03 -2.082E+02  1.482E+02  
  7  4   .8     4.     4.998E-01   -4.940E+00 -8.442E+01  4.620E+03 -1.186E+03  
  7  5   4.     20.    4.998E-01    2.019E+00 -1.249E+02  4.609E+03 -9.421E+02  
  7  6   20.   100.    4.998E-01    1.709E-02 -8.196E+00  2.345E+03  1.369E+04  
  7  7  100.   500.    4.998E-01    1.872E-03 -6.732E-01  1.282E+03  5.700E+04
  7  8   500. 100000.  4.998E-01    8.122E-04  8.364E-01  4.410E+02  2.358E+05
  8  1  .01   .0483    5.000E-01    1.144E+04  0.         0.         0.
  8  2  .0483 .532     5.000E-01   -2.863E+02  4.085E+02  4.436E+01 -1.782E+00
  8  3  .532    4.     5.000E-01   -7.181E+01  4.748E+02  5.542E+03 -1.363E+03  
  8  4  4.      20.    5.000E-01    2.745E+00 -1.747E+02  7.159E+03 -2.213E+03  
  8  5  20.     100.   5.000E-01    3.774E-02 -1.559E+01  4.045E+03  1.810E+04  
  8  6  100.   500.    5.000E-01    3.169E-03 -1.146E+00  2.194E+03  9.131E+04
  8  7  500.  100000.  5.000E-01    1.367E-03  1.473E+00  7.214E+02  4.048E+05
  9  1   .01   .0724   4.737E-01    1.129E+04  0.         0.         0.
  9  2   .0724 .687    4.737E-01   -2.676E+02  4.767E+02  8.767E+01 -4.504E+00
  9  3   .687   4.     4.737E-01   -8.907E+01  6.850E+02  7.217E+03 -2.022E+03  
  9  4   4.    20.     4.737E-01    2.813E+00 -2.020E+02  9.903E+03 -4.454E+03  
  9  5   20.   100.    4.737E-01    6.097E-02 -2.435E+01  6.099E+03  2.258E+04  
  9  6   100.  500.    4.737E-01    4.857E-03 -1.805E+00  3.335E+03  1.285E+05
  9  7   500.  100000. 4.737E-01    2.041E-03  2.257E+00  1.084E+03  5.997E+05
 10  1  .01   .0183    4.956E-01    1.000E-06  0.         0.         0.         
 10  2  .0183 .045     4.956E-01    8.235E+03  0.         0.         0.
 10  3  .045  .124     4.956E-01   -6.059E+03  3.242E+03 -1.796E+02  3.141E+00 
 10  4  .124  .867     4.956E-01   -1.940E+02  4.340E+02  2.357E+02 -1.666E+01
 10  5  .867   4.      4.956E-01   -8.680E+01  7.434E+02  1.077E+04 -3.822E+03  
 10  6  4.    20.      4.956E-01    3.167E+00 -2.491E+02  1.439E+04 -8.187E+03  
 10  7  20.    100.    4.956E-01    1.288E-01 -4.471E+01  9.862E+03  2.497E+04  
 10  8  100.   500.    4.956E-01    5.202E-03  7.337E-02  4.614E+03  2.256E+05  
 10  9   500. 100000.  4.956E-01    3.087E-03  3.402E+00  1.569E+03  1.147E+06
 11  1  .01    .031    4.785E-01    5.429E+01  0.         0.         0.
 11  2  .031   .063    4.785E-01    8.874E+03  0.         0.         0.
 11  3  .063   1.073   4.785E-01   -5.565E+02  1.088E+03  1.062E+02 -6.845E+00 
 11  4  1.073   20.    4.785E-01    1.732E+00 -1.853E+02  1.712E+04 -8.415E+03  
 11  5   20.   100.    4.785E-01    2.726E-01 -8.218E+01  1.475E+04  9.467E+03  
 11  6   100.  500.    4.785E-01    2.083E-03  4.548E+00  5.521E+03  3.358E+05  
 11  7   500. 100000.  4.785E-01    4.199E-03  4.808E+00  1.793E+03  1.898E+06
 12  1  .01    .051    4.937E-01   -5.574E+02  8.687E+01 -1.493E+00  8.660E-03 
 12  2  .051  .123     4.937E-01   -2.726E+04  9.700E+03 -6.921E+02  1.445E+01
 12  3  .123  1.305    4.937E-01   -6.179E+02  1.379E+03  2.321E+02 -2.291E+01
 12  4  1.305   20.    4.937E-01   -6.648E-01 -1.084E+02  2.219E+04 -1.241E+04  
 12  5  20.    100.    4.937E-01    4.080E-01 -1.205E+02  2.139E+04 -1.143E+02  
 12  6   100.  500.    4.937E-01    8.338E-03  2.236E+00  8.819E+03  4.284E+05  
 12  7   500. 100000.  4.937E-01    6.233E-03  7.344E+00  2.662E+03  2.460E+06
 13  1   .01  .0159    4.818E-01   -1.654E+04  1.585E+02  3.907E+00 -3.383E-02
 13  2  .0159  .073    4.818E-01    1.122E+03 -4.015E+01  6.623E-01 -2.813E-03
 13  3   .073  .1177   4.818E-01    2.390E+04 -6.953E+02 -7.978E+01  1.974E+00
 13  4   .1177 1.560   4.818E-01   -5.284E+02  1.399E+03  4.360E+02 -4.747E+01  
 13  5   1.560  20.    4.818E-01   -3.674E+00 -1.622E+01  2.732E+04 -1.752E+04  
 13  6   20.   100.    4.818E-01    4.158E-01 -1.351E+02  2.716E+04  3.723E+02  
 13  7  100.  500.     4.818E-01    1.125E-02  2.747E+00  1.174E+04  5.695E+05  
 13  8  500.  100000.  4.818E-01    8.505E-03  1.049E+01  4.429E+03  2.431E+06
 14  1  .01    .0305   4.985E-01    4.575E+02  0.         0.         0.
 14  2  .0305  .099    4.985E-01   -1.168E+02  1.269E+02 -5.506E+00  6.616E-02
 14  3  .099   1.839   4.985E-01   -6.451E+02  1.836E+03  5.350E+02 -6.436E+01
 14  4  1.839  20.     4.985E-01   -4.056E+00 -1.089E+01  3.544E+04 -2.595E+04  
 14  5   20.   100.    4.985E-01    4.945E-01 -1.682E+02  3.627E+04 -1.605E+04  
 14  6   100.  500.    4.985E-01    2.716E-02 -5.428E+00  1.775E+04  6.765E+05  
 14  7   500. 100000.  4.985E-01    1.127E-02  1.376E+01  4.871E+03  4.477E+06
 15  1  .01    .0306   4.843E-01    4.728E+02  0.         0.         0.
 15  2  .0306  .132    4.843E-01   -2.227E+02  2.204E+02 -1.122E+01  1.569E-01
 15  3  .132   2.144   4.843E-01   -5.700E+02  1.909E+03  7.651E+02 -1.123E+02
 15  4   2.144  20.    4.843E-01   -6.098E+00  7.712E+01  4.196E+04 -3.437E+04  
 15  5   20.   100.    4.843E-01    5.710E-01 -2.001E+02  4.505E+04 -3.853E+04  
 15  6   100.  500.    4.843E-01    3.613E-02 -8.426E+00  2.277E+04  8.080E+05  
 15  7  500.  100000.  4.843E-01    1.421E-02  1.770E+01  6.221E+03  5.554E+06
 16  1   .01   .0341   4.991E-01    5.368E+02  0.         0.         0.
 16  2  .0341  .165    4.991E-01   -2.097E+02  3.174E+02 -1.815E+01  2.796E-01
 16  3  .165   2.472   4.991E-01   -4.885E+02  1.976E+03  1.206E+03 -1.934E+02
 16  4  2.472  20.     4.991E-01   -1.021E+01  2.346E+02  5.164E+04 -4.707E+04  
 16  5   20.   100.    4.991E-01    7.467E-01 -2.534E+02  5.800E+04 -6.691E+04  
 16  6   100.  500.    4.991E-01    6.338E-02 -3.443E+01  4.058E+04  2.233E+05
 16  7   500. 100000.  4.991E-01    1.857E-02  2.398E+01  6.706E+03  8.358E+06
 17  1  .01    .0436   4.795E-01    7.808E+02  0.         0.         0.
 17  2  .0436   .200   4.795E-01   -6.163E+01  3.934E+02 -2.563E+01  4.396E-01
 17  3  .200   2.824   4.795E-01   -2.147E+02  1.269E+03  2.099E+03 -3.705E+02  
 17  4  2.824   20.    4.795E-01   -1.192E+01  3.253E+02  5.927E+04 -5.980E+04  
 17  5   20.   100.    4.795E-01    8.789E-01 -2.920E+02  6.860E+04 -1.018E+05  
 17  6   100.   500.   4.795E-01    6.556E-02 -2.175E+01  3.895E+04  9.737E+05  
 17  7   500.  100000. 4.795E-01    2.236E-02  2.884E+01  9.717E+03  9.001E+06
 18  1  .01    .0302   4.506E-01    1.275E+04  0.         0.         0.
 18  2  .0302  .245    4.506E-01   -1.674E+03  1.047E+03 -9.010E+01  2.166E+00  
 18  3  .245   3.203   4.506E-01   -2.244E+02  1.388E+03  2.571E+03 -5.113E+02
 18  4  3.203   20.    4.506E-01   -1.446E+01  4.359E+02  6.578E+04 -7.284E+04  
 18  5  20.    100.    4.506E-01    8.786E-01 -3.001E+02  7.682E+04 -1.219E+05  
 18  6  100.   500.    4.506E-01    6.779E-02 -2.695E+01  5.069E+04  5.281E+05
 18  7  500.  100000.  4.506E-01    2.598E-02  3.454E+01  1.059E+04  1.068E+07
 19  1  .01   .0305    4.860E-01    3.111E+03  0.         0.         0.  
 19  2  .0305  .294    4.860E-01    6.162E+01  5.770E+02 -4.497E+01  9.218E-01
 19  3  .294   3.607   4.860E-01   -3.601E+02  2.287E+03  2.513E+03 -4.591E+02
 19  4   3.607  20.    4.860E-01   -2.113E+01  7.161E+02  8.183E+04 -9.859E+04  
 19  5   20.   100.    4.860E-01    1.048E+00 -3.644E+02  9.844E+04 -1.760E+05  
 19  6   100.  500.    4.860E-01    1.040E-01 -3.553E+01  6.096E+04  1.226E+06  
 19  7  500.  100000.  4.860E-01    3.453E-02  4.621E+01  1.669E+04  1.238E+07
 20  1  .01   .0305    4.990E-01    3.029E+03  0.         0.         0.
 20  2  .0305 .346     4.990E-01    3.816E+02  5.887E+02 -4.888E+01  1.019E+00
 20  3  .346  4.037    4.990E-01   -1.054E+02  1.120E+03  5.115E+03 -1.325E+03 
 20  4  4.037  20.     4.990E-01   -3.015E+01  1.141E+03  9.459E+04 -1.195E+05  
 20  5  20.    100.    4.990E-01    1.408E+00 -4.553E+02  1.206E+05 -2.531E+05  
 20  6  100.   500.    4.990E-01    1.204E-01 -5.356E+01  8.779E+04  6.252E+05
 20  7  500.  100000.  4.990E-01    4.178E-02  5.761E+01  1.377E+04  2.019E+07 
 21  1  .01    .032    4.671E-01    1.121E+03  7.413E+00 -3.020E-01  1.510E-03
 21  2  .032   .402    4.671E-01    2.970E+02  6.359E+02 -4.935E+01  1.044E+00
 21  3  .402   4.491   4.671E-01   -1.507E+02  1.501E+03  5.139E+03 -1.442E+03  
 21  4  4.491  100.    4.671E-01    4.615E-01 -2.614E+02  1.217E+05 -2.057E+05  
 21  5  100.   500.    4.671E-01    1.509E-01 -6.913E+01  9.253E+04  1.096E+06  
 21  6  500.  100000.  4.671E-01    4.833E-02  6.881E+01  2.762E+04  1.290E+07
 22  1  .01    .1      4.595E-01    3.596E+03 -6.877E+01  9.609E-01 -4.754E-03
 22  2  .1     .456    4.595E-01   -3.132E+02  1.024E+03 -1.008E+02  3.096E+00
 22  3   .456  4.966   4.595E-01   -4.626E+01  8.678E+02  7.308E+03 -2.383E+03  
 22  4  4.966  100.    4.595E-01    2.074E-01 -2.292E+02  1.371E+05 -2.489E+05  
 22  5  100.   500.    4.595E-01    1.972E-01 -9.550E+01  1.106E+05  1.067E+06  
 22  6  500.  100000.  4.595E-01    5.606E-02  8.140E+01  3.106E+04  1.567E+07
 23  1   .01   .12     4.515E-01    4.117E+03 -1.054E+02  1.531E+00 -7.725E-03
 23  2   .12   .513    4.515E-01   -4.052E+02  1.169E+03 -1.212E+02  4.148E+00
 23  3   .513  .628    4.515E-01    9.968E+03 -1.796E+03 -1.204E+03  1.481E+03
 23  4   .628  5.465   4.515E-01   -1.429E+02  1.632E+03  7.203E+03 -2.283E+03 
 23  5  5.465  100.    4.515E-01    3.940E-01 -2.733E+02  1.564E+05 -3.184E+05  
 23  6  100.   500.    4.515E-01    2.007E-01 -8.911E+01  1.254E+05  1.137E+06  
 23  7  500.  100000.  4.515E-01    6.449E-02  9.483E+01  3.584E+04  1.821E+07
 24  1   .01   .106    4.616E-01    5.069E+03 -7.968E+01  8.395E-01 -4.494E-03
 24  2   .106  .575    4.616E-01   -4.404E+02  1.301E+03 -1.166E+02  3.481E+00 
 24  3   .575 5.989    4.616E-01    3.932E+01  1.537E+02  1.228E+04 -4.984E+03  
 24  4  5.989  100.    4.616E-01    2.740E-01 -2.665E+02  1.818E+05 -3.997E+05  
 24  5  100.  500.     4.616E-01    2.727E-01 -1.288E+02  1.543E+05  9.755E+05  
 24  6  500.  100000.  4.616E-01    7.660E-02  1.142E+02  4.290E+04  2.161E+07
 25  1  .01    .1      4.551E-01    5.692E+03 -1.278E+02  1.150E+00 -3.774E-03
 25  2   .1    .640    4.551E-01   -4.901E+02  1.450E+03 -1.365E+02  4.134E+00
 25  3  .640  6.539    4.551E-01   -3.065E+01  7.209E+02  1.275E+04 -5.462E+03 
 25  4  6.539  100.    4.551E-01    2.930E-01 -2.703E+02  2.034E+05 -4.886E+05  
 25  5   100.  500.    4.551E-01    2.940E-01 -1.342E+02  1.761E+05  8.747E+05  
 25  6   500. 100000.  4.551E-01    8.736E-02  1.322E+02  4.952E+04  2.436E+07
 26  1  .01    .024    4.656E-01   -3.328E+03  2.590E+02 -3.812E+00  1.679E-02 
 26  2  .024   .12     4.656E-01    4.132E+03  3.963E+02 -2.505E+01  3.437E-01
 26  3  .12    .708    4.656E-01   -2.683E+01  1.250E+03 -7.321E+01  1.137E+00
 26  4   .708  7.112   4.656E-01   -8.128E+00  6.550E+02  1.511E+04 -7.079E+03  
 26  5   7.112 100.    4.656E-01    2.151E-01 -2.680E+02  2.341E+05 -6.063E+05  
 26  6  100.   500.    4.656E-01    3.511E-01 -1.633E+02  2.090E+05  7.131E+05  
 26  7  500.  100000.  4.656E-01    1.026E-01  1.572E+02  5.901E+04  2.806E+07
 27  1   .01  .0308    4.581E-01    2.074E+03  0.         0.         0.
 27  2  .0308 .093     4.581E-01    6.932E+03 -6.765E-02 -9.182E+00  1.413E-01
 27  3  .093  .779     4.581E-01   -8.228E+02  1.982E+03 -1.782E+02  4.937E+00  
 27  4  .779  7.709    4.581E-01    2.092E+01  3.311E+02  1.820E+04 -9.303E+03  
 27  5  7.709  100.    4.581E-01    4.947E-02 -2.478E+02  2.586E+05 -7.185E+05  
 27  6  100.  500.     4.581E-01    3.588E-01 -1.492E+02  2.296E+05  8.856E+05  
 27  7  500.  100000.  4.581E-01    1.154E-01  1.796E+02  6.740E+04  3.100E+07
 28  1   .01   .1      4.771E-01    8.515E+03 -2.121E+02  2.132E+00 -7.667E-03
 28  2   .1   .854     4.771E-01   -1.021E+03  2.388E+03 -2.361E+02  7.261E+00 
 28  3  .854   .871    4.771E-01    0.         6.600E+03  0.         0.         
 28  4  .871  1.008    4.771E-01    0.         9.810E+03  0.         0.         
 28  5  1.008  8.332   4.771E-01   -1.175E+02  2.171E+03  1.514E+04 -6.042E+03  
 28  6   8.332 100.    4.771E-01    1.685E-02 -2.522E+02  3.005E+05 -9.000E+05  
 28  7  100.  500.     4.771E-01    4.681E-01 -2.085E+02  2.782E+05  4.399E+05  
 28  8  500.  100000.  4.771E-01    1.364E-01  2.148E+02  8.039E+04  3.626E+07
 29  1   .01   .1      4.564E-01    9.992E+03 -3.780E+02  5.657E+00 -2.788E-02
 29  2   .1   .933     4.564E-01   -8.896E+02  2.391E+03 -1.986E+02  3.649E+00
 29  3  .933  1.096    4.564E-01   -5.089E+02  4.139E+03  7.468E+03 -6.981E+02  
 29  4  1.096 8.981    4.564E-01   -9.173E+01  1.862E+03  1.777E+04 -8.202E+03  
 29  5  8.981  100.    4.564E-01    7.440E-03 -2.371E+02  3.202E+05 -1.028E+06  
 29  6  100.  500.     4.564E-01    4.729E-01 -2.055E+02  3.000E+05  2.182E+05  
 29  7  500.  100000.  4.564E-01    1.472E-01  2.345E+02  8.644E+04  3.990E+07
 30  1   .01   .0307   4.588E-01    1.479E+03  0.         0.         0.
 30  2  .0307  .109    4.588E-01    1.325E+04 -6.762E+02  1.188E+01 -6.785E-02
 30  3  .109   1.020   4.588E-01   -1.330E+03  3.104E+03 -3.092E+02  8.946E+00
 30  4  1.020  1.043   4.588E-01   -2.807E+04  1.091E+05 -1.511E+05  7.897E+04  
 30  5  1.043  1.193   4.588E-01   -3.057E+03  1.385E+04  3.780E+02 -2.163E+02  
 30  6  1.193 9.659    4.588E-01   -8.018E+01  1.794E+03  2.095E+04 -1.070E+04  
 30  7  9.659  100.    4.588E-01   -1.158E+00 -3.871E+01  3.499E+05 -1.154E+06  
 30  8  100.   500.    4.588E-01    4.820E-01 -1.832E+02  3.296E+05  6.802E+05  
 30  9  500.  100000.  4.588E-01    1.669E-01  2.696E+02  1.000E+05  4.382E+07
 31  1   .01  .0278    4.446E-01    1.479E+03  0.         0.         0.
 31  2  .0278 .076     4.446E-01    1.211E+04 -7.144E+02  1.535E+01 -1.030E-01
 31  3  .076  1.115    4.446E-01   -1.199E+03  3.215E+03 -3.594E+02  1.152E+01
 31  4  1.115 1.142    4.446E-01   -1.457E+04  6.363E+04 -1.011E+05  6.416E+04  
 31  5  1.142 1.298    4.446E-01    3.470E+03 -8.674E+03  2.548E+04 -8.411E+03  
 31  6  1.298 10.367   4.446E-01   -9.431E+01  2.078E+03  2.172E+04 -1.101E+04  
 31  7  10.367 100.    4.446E-01   -1.253E+00 -2.897E+01  3.783E+05 -1.357E+06  
 31  8  100.   500.    4.446E-01    5.591E-01 -2.217E+02  3.625E+05  3.392E+05  
 31  9  500.  100000.  4.446E-01    1.949E-01  2.371E+02  1.767E+05  2.400E+07  
 32  1  .01    .0305   4.408E-01    4.941E+03  0.         0.         0.
 32  2  .0305 .1       4.408E-01    1.269E+04 -9.339E+02  2.767E+01 -1.952E-01
 32  3   .1   1.217    4.408E-01   -1.358E+03  3.695E+03 -4.569E+02  1.599E+01
 32  4  1.217  1.248   4.408E-01   -7.402E+03  3.636E+04 -6.670E+04  5.346E+04  
 32  5  1.248 1.413    4.408E-01   -3.400E+02  3.232E+03  1.163E+04 -1.089E+03  
 32  6  1.413 11.104   4.408E-01   -5.940E+01  1.646E+03  2.621E+04 -1.507E+04  
 32  7  11.104 100.    4.408E-01   -2.025E+00  1.283E+02  4.069E+05 -1.510E+06  
 32  8  100.   500.    4.408E-01    6.478E-01 -2.603E+02  4.045E+05 -5.153E+04  
 32  9   500. 100000.  4.408E-01    2.155E-01  2.609E+02  2.074E+05  2.220E+07  
 33  1   .01   .0371   4.405E-01    2.547E+03  0.         0.         0.
 33  2  .0371  .1      4.405E-01    2.402E+04 -3.110E+03  1.364E+02 -1.877E+00
 33  3  .1    1.323    4.405E-01   -1.536E+03  4.198E+03 -5.497E+02  1.920E+01
 33  4  1.323  1.359   4.405E-01   -4.525E+03  2.468E+04 -5.133E+04  5.102E+04  
 33  5  1.359  1.529   4.405E-01   -3.858E+02  1.013E+04  3.603E+03 -7.657E+02  
 33  6   1.529 11.867  4.405E-01   -5.339E+01  1.649E+03  2.950E+04 -1.800E+04  
 33  7  11.867 100.    4.405E-01   -1.655E+00  8.588E+01  4.504E+05 -1.795E+06  
 33  8   100.  500.    4.405E-01    7.880E-01 -3.490E+02  4.641E+05 -1.258E+06  
 33  9   500. 100000.  4.405E-01    2.393E-01  2.906E+02  2.360E+05  2.145E+07  
 34  1   .01   .0371   4.306E-01    1.577E+03  0.         0.         0.
 34  2  .0371  .114    4.306E-01    1.806E+04 -2.230E+03  9.408E+01 -1.263E+00
 34  3  .114   1.434   4.306E-01   -1.610E+03  4.614E+03 -6.392E+02  2.252E+01
 34  4  1.434  1.475   4.306E-01   -6.637E+02  4.194E+03 -1.104E+04  2.806E+04  
 34  5  1.475  1.652   4.306E-01   -4.265E+02  9.660E+03  5.343E+03 -1.174E+03  
 34  6  1.652 12.658   4.306E-01   -3.968E+01  1.459E+03  3.327E+04 -2.228E+04  
 34  7  12.658  100.   4.306E-01   -3.461E+00  4.401E+02  4.690E+05 -1.943E+06  
 34  8   100.  500.    4.306E-01    8.564E-01 -3.723E+02  5.020E+05 -1.430E+06  
 34  9   500.  100000. 4.306E-01    2.590E-01  3.237E+02  2.541E+05  2.321E+07  
 35  1  .01    .035    4.380E-01    2.129E+03  0.         0.         0.
 35  2  .035   .1      4.380E-01    1.451E+04 -1.941E+03  8.744E+01 -1.214E+00
 35  3   .1    .5      4.380E-01   -3.534E+03  6.788E+03 -1.134E+03  5.165E+01 
 35  4   .5   1.551    4.380E-01   -3.347E+02  2.195E+03  1.033E+03 -2.839E+02
 35  5  1.551 1.597    4.380E-01    1.461E+02 -1.050E+03  3.457E+03  2.000E+04  
 35  6  1.597  1.782   4.380E-01   -4.318E+02  1.007E+04  6.548E+03 -1.535E+03  
 35  7  1.782 13.474   4.380E-01   -4.033E+01  1.607E+03  3.681E+04 -2.478E+04  
 35  8  13.474 100.    4.380E-01   -3.955E+00  5.482E+02  5.202E+05 -2.262E+06  
 35  9  100.  500.     4.380E-01    9.718E-01 -4.209E+02  5.662E+05 -2.099E+06  
 35 10  500.  100000.  4.380E-01    2.907E-01  3.653E+02  2.908E+05  2.417E+07  
 36  1   .01  .0305    4.296E-01    3.691E+03  0.         0.         0.
 36  2  .0305  .097    4.296E-01    2.024E+03 -2.083E+02  4.439E+00  1.056E-01
 36  3   .097  .3      4.296E-01    7.648E+02  5.257E+03 -9.960E+02  4.686E+01
 36  4    .3  1.675    4.296E-01   -2.451E+02  2.199E+03  1.217E+03 -3.120E+02
 36  5  1.675 1.727    4.296E-01    3.611E+02 -2.974E+03  1.308E+04  1.268E+04  
 36  6  1.727  1.921   4.296E-01   -4.163E+02  1.017E+04  7.535E+03 -1.891E+03  
 36  7  1.921 14.323   4.296E-01   -9.924E-01  8.455E+02  4.446E+04 -3.490E+04  
 36  8  14.323 100.    4.296E-01   -3.076E+00  4.257E+02  5.613E+05 -2.587E+06  
 36  9  100.   500.    4.296E-01    1.050E+00 -4.435E+02  6.114E+05 -3.028E+06  
 36 10  500.  100000.  4.296E-01    3.136E-01  3.952E+02  3.252E+05  2.248E+07  
 37  1  .01   .0305    4.329E-01    4.606E+03  0.         0.         0.
 37  2  .0305  .111    4.329E-01    1.441E+03 -1.761E+02  6.821E+00  4.470E-02
 37  3   .111 .3       4.329E-01   -6.763E+02  6.772E+03 -1.372E+03  7.035E+01
 37  4   .3   1.805    4.329E-01   -3.457E+02  2.591E+03  1.242E+03 -3.481E+02
 37  5  1.805 1.863    4.329E-01    3.524E+02 -3.194E+03  1.657E+04  1.224E+04  
 37  6  1.863 2.065    4.329E-01   -4.025E+02  1.067E+04  8.396E+03 -2.275E+03  
 37  7  2.065 15.200   4.329E-01    5.234E+00  7.494E+02  5.033E+04 -4.276E+04  
 37  8  15.200 100.    4.329E-01   -2.207E+00  2.653E+02  6.269E+05 -3.163E+06  
 37  9  100.   500.    4.329E-01    1.101E+00 -4.280E+02  6.664E+05 -3.481E+06  
 37 10  500.  100000.  4.329E-01    3.467E-01  4.515E+02  3.525E+05  2.783E+07  
 38  1   .01   .0307   4.337E-01    4.850E+03  0.         0.         0.
 38  2  .0307  .133    4.337E-01    7.854E+02 -6.513E+01  2.134E+00  1.138E-01
 38  3  .133   .3      4.337E-01   -2.484E+03  8.950E+03 -2.019E+03  1.171E+02
 38  4   .3    1.94    4.337E-01   -3.209E+02  2.818E+03  1.344E+03 -3.984E+02
 38  5  1.94   2.007   4.337E-01    2.746E+02 -2.830E+03  2.149E+04  7.655E+03  
 38  6  2.007  2.216   4.337E-01   -4.181E+02  1.025E+04  1.159E+04 -3.199E+03  
 38  7  2.216 16.105   4.337E-01   -4.367E+01  1.966E+03  4.835E+04 -3.788E+04  
 38  8  16.105  100.   4.337E-01   -5.177E-01 -2.546E+01  6.941E+05 -3.733E+06  
 38  9  100.   500.    4.337E-01    1.296E+00 -5.192E+02  7.384E+05 -5.043E+06  
 38 10  500.  100000.  4.337E-01    3.800E-01  4.950E+02  4.111E+05  1.955E+07  
 39  1   .01  .0232    4.387E-01    3.854E+04 -1.366E+03  1.672E+01 -6.795E-02
 39  2  .0232 .1677    4.387E-01    2.849E+03 -2.828E+02  1.529E+01 -1.723E-01
 39  3  .1677 .8       4.387E-01   -6.721E+03  1.290E+04 -3.111E+03  1.985E+02  
 39  4  .8    2.079    4.387E-01    3.585E+02 -4.223E+02  6.620E+03 -2.706E+03  
 39  5  2.079 2.155    4.387E-01   -8.813E+01  1.184E+03  2.198E+04 -1.440E+03  
 39  6  2.155  2.373   4.387E-01   -4.141E+02  1.043E+04  1.385E+04 -4.020E+03  
 39  7  2.373 17.038   4.387E-01   -1.282E+01  1.204E+03  6.028E+04 -5.752E+04  
 39  8  17.038 100.    4.387E-01    4.265E-01 -1.646E+02  7.684E+05 -4.421E+06  
 39  9  100.   500.    4.387E-01    1.334E+00 -4.917E+02  8.066E+05 -5.879E+06  
 39 10  500.  100000.  4.387E-01    4.194E-01  5.651E+02  4.353E+05  2.981E+07  
 40  1  .01   .18      4.385E-01    2.993E+02  1.449E+02 -3.012E+00  1.713E-02
 40  2   .18   .5      4.385E-01   -7.040E+03  1.434E+04 -3.926E+03  2.887E+02
 40  3   .5   2.223    4.385E-01   -1.647E+02  2.296E+03  3.166E+03 -1.127E+03
 40  4  2.223  2.307   4.385E-01   -2.164E+02  3.512E+03  2.053E+04 -3.382E+03  
 40  5  2.307  2.533   4.385E-01   -3.996E+02  1.064E+04  1.548E+04 -4.776E+03  
 40  6  2.533 17.998   4.385E-01   -3.011E+01  1.794E+03  6.153E+04 -5.699E+04  
 40  7  17.998 100.    4.385E-01   -5.900E-01  1.945E+02  8.031E+05 -4.579E+06  
 40  8  100.   500.    4.385E-01    1.474E+00 -5.530E+02  8.907E+05 -7.927E+06  
 40  9  500.  100000.  4.385E-01    4.562E-01  6.248E+02  4.760E+05  3.216E+07  
 41  1   .01  .0297    4.413E-01    3.251E+03 -6.844E+01  1.575E+00 -1.094E-02
 41  2  .0297 .2083    4.413E-01    2.754E+03 -4.897E+02  4.237E+01 -8.372E-01
 41  3  .2083 .9       4.413E-01   -2.018E+03  8.543E+03 -1.769E+03  2.770E+01 
 41  4  .9    2.370    4.413E-01    2.150E+02  4.490E+02  6.409E+03 -2.429E+03 
 41  5  2.370 2.464    4.413E-01   -2.981E+02  6.188E+03  1.735E+04 -4.420E+03  
 41  6  2.464 2.698    4.413E-01   -3.923E+02  1.102E+04  1.751E+04 -5.733E+03  
 41  7  2.698 18.986   4.413E-01   -1.658E+01  1.435E+03  7.050E+04 -7.037E+04  
 41  8  18.986 100.    4.413E-01   -2.292E+00  5.516E+02  8.555E+05 -5.018E+06  
 41  9  100.  500.     4.413E-01    1.599E+00 -5.764E+02  9.643E+05 -8.517E+06  
 41 10  500.  100000.  4.413E-01    4.986E-01  7.224E+02  4.910E+05  4.104E+07  
 42  1  .01   .03      4.378E-01   -3.508E+03  3.050E+02 -4.620E+00  1.998E-02 
 42  2  .03   .229     4.378E-01    3.053E+03 -6.192E+02  5.104E+01 -9.955E-01
 42  3  .229  .8       4.378E-01   -7.786E+03  1.722E+04 -5.215E+03  3.992E+02 
 42  4  .8    2.521    4.378E-01   -1.114E+02  1.895E+03  5.405E+03 -2.261E+03  
 42  5  2.521 2.625    4.378E-01   -3.027E+02  7.576E+03  1.570E+04 -4.795E+03  
 42  6  2.625 2.867    4.378E-01   -3.784E+02  1.099E+04  1.983E+04 -6.801E+03  
 42  7  2.867  20.     4.378E-01   -1.840E+01  1.552E+03  7.635E+04 -8.181E+04  
 42  8  20.    100.    4.378E-01   -2.560E+00  7.317E+02  9.005E+05 -5.349E+06  
 42  9  100.   500.    4.378E-01    1.540E+00 -4.834E+02  1.021E+06 -9.300E+06  
 42 10  500.  100000.  4.378E-01    5.359E-01  7.662E+02  5.243E+05  5.200E+07  
 43  1   .01  .068     4.388E-01    2.680E+03  0.         0.         0.
 43  2  .068  .253     4.388E-01   -7.592E+02  8.677E+02 -1.346E+02  6.198E+00
 43  3  .253  .425     4.388E-01   -3.269E+04  4.110E+04 -1.328E+04  1.384E+03
 43  4  .425  2.677    4.388E-01   -3.863E+02  3.458E+03  3.500E+03 -1.341E+03
 43  5  2.677 2.793    4.388E-01   -2.871E+02  7.198E+03  1.867E+04 -5.767E+03  
 43  6  2.793 3.043    4.388E-01   -1.101E+02  1.635E+04  3.183E+03 -1.491E+03  
 43  7  3.043 21.044   4.388E-01   -2.936E+01  1.924E+03  7.955E+04 -8.669E+04  
 43  8  21.044 100.    4.388E-01    5.721E-01  7.164E+01  1.004E+06 -6.678E+06  
 43  9  100.  500.     4.388E-01    1.769E+00 -5.691E+02  1.097E+06 -1.069E+07  
 43 10  500.  100000.  4.388E-01    5.748E-01  8.119E+02  6.113E+05  3.605E+07  
 44  1  .01   .0716    4.353E-01    2.116E+03  1.001E+02 -2.614E+00  1.466E-02
 44  2  .0716 .2794    4.353E-01    1.947E+02  7.270E+02 -1.490E+02  8.002E+00
 44  3  .2794 .4606    4.353E-01   -2.141E+04  2.872E+04 -8.592E+03  8.312E+02 
 44  4  .4606 2.838    4.353E-01   -2.430E+02  2.793E+03  5.237E+03 -2.042E+03
 44  5  2.838 2.967    4.353E-01   -2.831E+02  7.880E+03  1.913E+04 -6.518E+03  
 44  6  2.967 3.224    4.353E-01   -3.547E+02  1.093E+04  2.575E+04 -9.586E+03  
 44  7  3.224 22.117   4.353E-01   -1.311E+01  1.428E+03  9.237E+04 -1.148E+05  
 44  8  22.117 100.    4.353E-01    1.007E-02  1.277E+02  1.086E+06 -7.755E+06  
 44  9  100.  500.     4.353E-01    1.633E+00 -4.030E+02  1.144E+06 -9.817E+06  
 44 10  500.  100000.  4.353E-01    6.218E-01  9.117E+02  5.873E+05  6.614E+07  
 45  1  .01    .072    4.373E-01    2.535E+03  1.329E+02 -3.193E+00  1.648E-02
 45  2  .072   .307    4.373E-01   -1.037E+03  1.357E+03 -2.412E+02  1.212E+01
 45  3  .307  .4962    4.373E-01    1.155E+03  3.456E+03  8.529E+02 -3.075E+02
 45  4  .4962 3.004    4.373E-01   -4.773E+02  3.678E+03  5.261E+03 -2.225E+03
 45  5  3.004 3.146    4.373E-01   -2.665E+02  7.197E+03  2.390E+04 -7.946E+03  
 45  6  3.146 3.412    4.373E-01   -3.285E+02  9.342E+03  3.454E+04 -1.203E+04  
 45  7  3.412 23.220   4.373E+00   -2.532E+01  2.009E+03  9.447E+04 -1.115E+05  
 45  8 23.220  100.    4.373E-01   -3.043E+00  9.079E+02  1.126E+06 -8.086E+06  
 45  9  100.   500.    4.373E-01    1.870E+00 -4.570E+02  1.251E+06 -1.191E+07  
 45 10  500.  100000.  4.373E-01    6.726E-01  9.644E+02  7.281E+05  4.409E+07  
 46  1  .01   .07      4.322E-01    1.095E+04 -2.552E+02  1.914E+00 -3.916E-03
 46  2  .07   .335     4.322E-01    2.418E+03  9.664E+01 -1.050E+02  9.047E+00
 46  3  .335  .5315    4.322E-01   -1.605E+04  3.107E+04 -1.240E+04  1.658E+03 
 46  4  .5315 3.174    4.322E-01   -4.705E+02  3.846E+03  5.959E+03 -2.639E+03
 46  5  3.174  3.33    4.322E-01   -2.530E+02  7.129E+03  2.620E+04 -9.068E+03  
 46  6  3.33  3.605    4.322E-01   -3.225E+02  1.001E+04  3.550E+04 -1.354E+04  
 46  7  3.605 24.35    4.322E-01    1.642E+01  4.603E+02  1.181E+05 -1.737E+05  
 46  8  24.35  100.    4.322E-01   -2.888E+00  8.714E+02  1.203E+06 -9.306E+06  
 46  9  100.  500.     4.322E-01    1.857E+00 -3.662E+02  1.308E+06 -1.219E+07  
 46 10  500.  100000.  4.322E-01    7.151E-01  1.066E+03  7.318E+05  6.061E+07  
 47  1  .01   .086     4.357E-01    1.054E+04 -1.973E+02  1.033E+00 -6.574E-04
 47  2  .086  .367     4.357E-01   -4.089E+03  3.916E+03 -8.005E+02  4.841E+01
 47  3  .367  .5714    4.357E-01   -2.951E+03  6.256E+03  1.909E+03 -8.620E+02
 47  4  .5714 3.351    4.357E-01   -2.321E+01  1.892E+03  9.451E+03 -4.150E+03 
 47  5  3.351 3.524    4.357E-01   -2.547E+02  7.851E+03  2.733E+04 -1.038E+04  
 47  6  3.524  3.806   4.357E-01   -3.170E+02  1.045E+04  3.850E+04 -1.560E+04  
 47  7  3.806 25.514   4.357E-01   -1.817E+00  1.265E+03  1.192E+05 -1.684E+05  
 47  8  25.514 100.    4.357E-01   -4.061E+00  1.339E+03  1.260E+06 -9.752E+06  
 47  9  100.  500.     4.357E-01    2.065E+00 -4.444E+02  1.433E+06 -1.533E+07  
 47 10  500.  100000.  4.357E-01    7.734E-01  1.157E+03  8.006E+05  6.214E+07  
 48  1  .01   .03      4.270E-01    1.876E+03  0.         0.         0.
 48  2  .03   .098     4.270E-01    8.550E+03 -2.785E+02  2.021E+00  1.032E-02
 48  3  .098  .404     4.270E-01    4.933E+02  1.167E+03 -3.452E+02  2.759E+01 
 48  4  .404  .6165    4.270E-01    2.088E+03  3.036E+03  1.247E+03 -2.691E+02
 48  5  .6165 3.537    4.270E-01    7.508E+00  2.031E+03  1.014E+04 -4.621E+03  
 48  6  3.537 3.727    4.270E-01   -2.454E+02  8.162E+03  2.822E+04 -1.156E+04  
 48  7  3.727 4.018    4.270E-01   -2.677E+02  8.244E+03  4.935E+04 -1.791E+04  
 48  8  4.018 26.711   4.270E-01   -2.306E+01  2.129E+03  1.161E+05 -1.547E+05  
 48  9  26.711 100.    4.270E-01   -8.206E+00  2.269E+03  1.268E+06 -9.746E+06  
 48 10  100.  500.     4.270E-01    2.254E+00 -4.904E+02  1.506E+06 -1.642E+07  
 48 11  500.  100000.  4.270E-01    8.123E-01  1.229E+03  8.686E+05  5.293E+07  
 49  1   .01  .031     4.268E-01    1.702E+03  0.         0.         0.
 49  2  .031  .103     4.268E-01    2.333E+04 -1.510E+03  3.498E+01 -2.775E-01
 49  3  .103  .443     4.268E-01   -4.354E+03  4.933E+03 -1.221E+03  9.073E+01
 49  4  .443  .702     4.268E-01   -2.048E+03  9.964E+03 -2.857E+03  7.223E+02
 49  5  .702  3.730    4.268E-01   -1.763E+02  3.053E+03  9.756E+03 -4.718E+03
 49  6  3.730 3.938    4.268E-01   -2.324E+02  7.725E+03  3.333E+04 -1.361E+04  
 49  7  3.938  4.238   4.268E-01   -2.675E+02  8.828E+03  5.249E+04 -2.065E+04  
 49  8  4.238  27.94   4.268E-01   -2.149E+01  2.143E+03  1.256E+05 -1.775E+05  
 49  9  27.94  100.    4.268E-01   -2.097E+00  1.045E+03  1.428E+06 -1.216E+07  
 49 10  100.  500.     4.268E-01    2.233E+00 -3.526E+02  1.578E+06 -1.747E+07  
 49 11  500.  100000.  4.268E-01    8.685E-01  1.331E+03  9.171E+05  6.234E+07  
 50  1   .01  .0318    4.212E-01    1.857E+03  0.         0.         0.
 50  2  .0318 .093     4.212E-01    3.071E+04 -2.069E+03  4.886E+01 -3.894E-01
 50  3  .093  .485     4.212E-01    6.119E+01  1.769E+03 -5.287E+02  4.438E+01 
 50  4  .485  .714     4.212E-01    2.325E+03  2.905E+03  1.395E+03 -1.160E+02
 50  5  .714  3.929    4.212E-01   -8.411E+02  7.174E+03  3.429E+03 -1.945E+03  
 50  6  3.929 4.156    4.212E-01   -2.078E+02  6.795E+03  3.953E+04 -1.546E+04  
 50  7  4.156 4.465    4.212E-01   -2.735E+02  1.006E+04  5.154E+04 -2.316E+04  
 50  8  4.465  29.2    4.212E-01    1.409E+01  5.245E+02  1.554E+05 -2.738E+05  
 50  9  29.2  100.     4.212E-01   -6.053E+00  2.152E+03  1.430E+06 -1.218E+07  
 50 10  100.  500.     4.212E-01    2.434E+00 -4.441E+02  1.694E+06 -2.116E+07  
 50 11  500.  100000.  4.212E-01    9.156E-01  1.438E+03  9.506E+05  6.990E+07  
 51  1  .01   .0304    4.189E-01    7.076E+02  0.         0.         0.
 51  2  .0304  .096    4.189E-01    2.538E+04 -2.014E+03  5.518E+01 -5.093E-01
 51  3  .096  .528     4.189E-01   -2.763E+03  3.809E+03 -9.187E+02  6.404E+01 
 51  4  .528  .766     4.189E-01    4.191E+03  1.201E+03  6.138E+02  8.057E+02
 51  5  .766  4.132    4.189E-01    9.566E+01  1.292E+03  1.534E+04 -8.151E+03
 51  6  4.132 4.381    4.189E-01   -2.154E+02  7.884E+03  3.884E+04 -1.742E+04  
 51  7  4.381 4.698    4.189E-01   -2.413E+02  8.640E+03  6.267E+04 -2.629E+04  
 51  8  4.698 30.491   4.189E-01   -2.300E+01  2.351E+03  1.410E+05 -2.130E+05  
 51  9  30.491 100.    4.189E-01   -9.816E+00  3.157E+03  1.443E+06 -1.193E+07  
 51 10  100.  500.     4.189E-01    2.470E+00 -3.671E+02  1.779E+06 -2.260E+07  
 51 11  500.  100000.  4.189E-01    9.713E-01  1.520E+03  1.016E+06  7.466E+07  
 52  1   .01  .0528    4.075E-01    9.416E+02  0.         0.         0. 
 52  2  .0528 .106     4.075E-01   -5.818E+04  1.470E+04 -1.039E+03  2.257E+01 
 52  3  .106  .572     4.075E-01   -2.734E+03  3.947E+03 -9.985E+02  7.313E+01 
 52  4  .572  1.006    4.075E-01   -1.058E+05  2.917E+05 -2.491E+05  7.124E+04  
 52  5  1.006 4.341    4.075E-01   -4.397E+01  2.059E+03  1.571E+04 -9.021E+03  
 52  6  4.341 4.612    4.075E-01   -1.946E+02  7.129E+03  4.399E+04 -1.939E+04  
 52  7  4.612 4.939    4.075E-01   -2.372E+02  9.166E+03  6.308E+04 -2.911E+04  
 52  8  4.939 31.814   4.075E-01    1.086E+00  1.149E+03  1.640E+05 -2.950E+05  
 52  9  31.814 100.    4.075E-01   -3.401E+00  1.832E+03  1.571E+06 -1.426E+07  
 52 10  100.  500.     4.075E-01    2.389E+00 -1.733E+02  1.798E+06 -2.273E+07  
 52 11  500.  100000.  4.075E-01    1.007E+00  1.586E+03  1.076E+06  7.154E+07  
 53  1  .01    .034    4.176E-01    7.020E+02  0.         0.         0.
 53  2  .034   .103    4.176E-01    2.410E+04 -2.114E+03  6.324E+01 -6.266E-01
 53  3  .103   .619    4.176E-01   -2.554E+03  4.115E+03 -1.059E+03  7.800E+01
 53  4  .619  .931     4.176E-01   -4.564E+04  1.181E+05 -9.050E+04  2.490E+04
 53  5  .931  1.072    4.176E-01    1.940E+04 -1.268E+04 -1.443E+04  1.681E+04  
 53  6  1.072 4.557    4.176E-01   -1.016E+03  1.150E+04 -8.332E+03  1.024E+04 
 53  7  4.557 4.852    4.176E-01   -1.833E+02  6.763E+03  5.201E+04 -2.240E+04  
 53  8  4.852 5.188    4.176E-01   -2.150E+02  8.275E+03  7.525E+04 -3.297E+04  
 53  9  5.188 33.17    4.176E-01   -2.566E+01  2.615E+03  1.595E+05 -2.557E+05  
 53 10  33.17  100.    4.176E-01   -3.670E+00  1.872E+03  1.719E+06 -1.646E+07  
 53 11  100.  500.     4.176E-01    2.225E+00  1.829E+02  1.881E+06 -2.157E+07  
 53 12  500.  100000.  4.176E-01    1.098E+00  1.755E+03  1.154E+06  8.971E+07  
 54  1  .01   .0515    4.113E-01    6.262E+02  0.         0.         0.
 54  2  .0515 .1073    4.113E-01    7.578E+04 -1.206E+04  6.503E+02 -1.177E+01
 54  3  .1073 .672     4.113E-01   -1.456E+03  3.607E+03 -1.050E+03  8.562E+01
 54  4  .672  .936     4.113E-01    5.494E+04 -4.316E+04 -3.353E+04  3.122E+04
 54  5  .936  1.143    4.113E-01   -2.422E+04  6.454E+04 -3.914E+04  8.599E+03  
 54  6  1.143 4.782    4.113E-01   -6.606E+02  7.269E+03  6.119E+03 -3.383E+03  
 54  7  4.782 5.102    4.113E-01   -1.565E+02  5.749E+03  5.985E+04 -2.396E+04  
 54  8  5.102 5.445    4.113E-01   -2.236E+02  9.444E+03  7.463E+04 -3.742E+04  
 54  9  5.445 34.561   4.113E-01   -2.010E+01  2.400E+03  1.720E+05 -2.977E+05  
 54 10  34.561 100.    4.113E-01   -1.622E+00  1.830E+03  1.780E+06 -1.721E+07  
 54 11  100.   500.    4.113E-01    2.082E+00  3.625E+02  1.962E+06 -2.448E+07  
 54 12  500.  100000.  4.113E-01    1.148E+00  1.892E+03  1.133E+06  1.244E+08  
 55  1   .01  .0704    4.138E-01    6.813E+02  0.         0.         0.
 55  2  .0704 .111     4.138E-01    1.642E+05 -2.922E+04  1.724E+03 -3.361E+01
 55  3  .111  .726     4.138E-01   -2.400E+03  4.936E+03 -1.531E+03  1.354E+02
 55  4  .726  1.065    4.138E-01    1.295E+04 -7.423E+03 -6.620E+03  9.125E+03
 55  5  1.065 5.012    4.138E-01    6.121E+02 -1.572E+03  2.712E+04 -1.563E+04
 55  6  5.012  5.36    4.138E-01   -8.402E+01  2.872E+03  7.699E+04 -1.853E+04  
 55  7  5.36  5.713    4.138E-01   -2.254E+02  1.015E+04  7.940E+04 -4.284E+04  
 55  8  5.713 35.985   4.138E-01   -1.987E+00  1.400E+03  2.040E+05 -4.166E+05  
 55  9  35.985 100.    4.138E-01   -4.238E+00  2.444E+03  1.873E+06 -1.899E+07  
 55 10  100.   500.    4.138E-01    2.278E+00  4.044E+02  2.085E+06 -2.635E+07  
 55 11  500.  100000.  4.138E-01    1.226E+00  2.030E+03  1.249E+06  1.169E+08  
 56  1  .01   .0305    4.078E-01    5.765E+03  0.         0.         0.
 56  2  .0305 .090     4.078E-01    1.759E+03 -2.331E+02  9.598E+00  3.960E-02
 56  3  .090  .780     4.078E-01   -4.276E+02  2.995E+03 -9.837E+02  8.771E+01
 56  4  .780  1.135    4.078E-01    6.154E+03  1.190E+03 -2.858E+02  1.593E+03
 56  5  1.135 5.247    4.078E-01    2.420E+02 -4.033E+02  3.138E+04 -2.304E+04
 56  6  5.247 5.623    4.078E-01   -1.084E+02  4.043E+03  7.718E+04 -2.532E+04  
 56  7  5.623 5.987    4.078E-01   -1.836E+02  7.952E+03  9.545E+04 -4.532E+04  
 56  8  5.987 37.441   4.078E-01    8.708E+00  7.581E+02  2.258E+05 -5.011E+05  
 56  9  37.441 100.    4.078E-01   -5.846E+00  3.162E+03  1.902E+06 -1.948E+07  
 56 10  100.   500.    4.078E-01    2.590E+00  2.297E+02  2.236E+06 -3.193E+07  
 56 11  500.  100000.  4.078E-01    1.281E+00  2.144E+03  1.303E+06  1.193E+08  
 57  1  .01   .04      4.103E-01    4.514E+03  0.         0.         0.
 57  2  .04   .13      4.103E-01    2.741E+04 -4.218E+03  2.117E+02 -3.183E+00
 57  3  .13   .832     4.103E-01   -1.231E+03  4.053E+03 -1.329E+03  1.203E+02
 57  4  .832  1.124    4.103E-01    2.431E+03  3.780E+03  2.792E+03 -2.167E+02
 57  5  1.124 1.204    4.103E-01   -4.024E+02  8.837E+03  2.398E+03 -4.154E+02
 57  6  1.204 5.484    4.103E-01   -2.694E+02  4.549E+03  1.944E+04 -1.264E+04
 57  7  5.484 5.891    4.103E-01   -9.085E+01  3.459E+03  8.639E+04 -2.558E+04  
 57  8  5.891 6.266    4.103E-01   -1.485E+02  6.357E+03  1.121E+05 -4.626E+04  
 57  9  6.266 38.925   4.103E-01   -6.527E+00  1.901E+03  2.209E+05 -4.602E+05  
 57 10  38.925 100.    4.103E-01   -7.588E+00  3.685E+03  1.991E+06 -2.054E+07  
 57 11  100.  500.     4.103E-01    2.727E+00  3.137E+02  2.356E+06 -3.362E+07  
 57 12  500.  100000.  4.103E-01    1.365E+00  2.298E+03  1.393E+06  1.220E+08  
 58  1  .01   .053     4.139E-01    1.542E+03  0.         0.         0. 
 58  2  .053  .110     4.139E-01    2.448E+04 -5.012E+03  3.411E+02 -7.413E+00
 58  3  .110  .883     4.139E-01   -1.622E+03  4.662E+03 -1.505E+03  1.385E+02 
 58  4  .883  1.185    4.139E-01    5.551E+04 -1.769E+05  2.024E+05 -7.125E+04  
 58  5  1.185 1.273    4.139E-01    4.656E+03  6.580E+03 -3.256E+03  8.079E+02  
 58  6  1.273 1.435    4.139E-01   -2.828E+02  1.019E+04  2.005E+03 -4.180E+02  
 58  7  1.435 5.723    4.139E-01    3.264E+02 -7.440E+02  3.609E+04 -2.685E+04
 58  8  5.723 6.164    4.139E-01   -7.263E+01  2.822E+03  9.606E+04 -2.458E+04  
 58  9  6.164 6.549    4.139E-01   -1.695E+02  7.899E+03  1.139E+05 -5.644E+04  
 58 10  6.549 40.443   4.139E-01    1.939E+01  3.799E+02  2.661E+05 -6.583E+05  
 58 11  40.443  100.   4.139E-01   -1.029E+01  4.409E+03  2.101E+06 -2.280E+07  
 58 12  100.   500.    4.139E-01    2.723E+00  4.916E+02  2.494E+06 -3.595E+07  
 58 13  500.  100000.  4.139E-01    1.464E+00  2.444E+03  1.486E+06  1.376E+08  
 59  1  .01   .04      4.187E-01    3.935E+03  0.         0.         0.
 59  2  .04   .113     4.187E-01    5.885E+01  5.060E+01  1.142E+01 -2.858E-01
 59  3  .113  .931     4.187E-01   -2.475E+03  6.072E+03 -2.077E+03  2.099E+02 
 59  4  .931  1.242    4.187E-01   -6.489E+03  2.485E+04 -1.060E+04  2.589E+03  
 59  5  1.242 1.337    4.187E-01   -5.349E+02  8.049E+03  5.499E+03 -9.313E+02  
 59  6  1.337 1.505    4.187E-01   -3.829E+02  1.003E+04  3.437E+03 -7.202E+02  
 59  7  1.505 5.964    4.187E-01    1.158E+02  1.754E+03  2.978E+04 -2.081E+04
 59  8  5.964  6.44    4.187E-01   -4.523E+01  1.773E+03  1.075E+05 -1.884E+04  
 59  9  6.44  6.835    4.187E-01   -1.401E+02  6.504E+03  1.315E+05 -5.758E+04  
 59 10  6.835 41.991   4.187E-01    8.492E+00  8.664E+02  2.819E+05 -7.256E+05  
 59 11  41.991 100.    4.187E-01   -9.126E+00  4.223E+03  2.290E+06 -2.709E+07  
 59 12  100.  500.     4.187E-01    3.207E+00  3.424E+02  2.697E+06 -4.123E+07  
 59 13  500.  100000.  4.187E-01    1.557E+00  2.710E+03  1.566E+06  1.383E+08  
 60  1  .01   .0305    4.160E-01    2.269E+03  0.         0.         0.
 60  2  .0305 .117     4.160E-01   -1.142E+03  4.035E+02 -1.726E+01  2.479E-01 
 60  3  .117  .978     4.160E-01   -4.138E+02  3.657E+03 -1.265E+03  1.287E+02
 60  4  .978  1.298    4.160E-01    1.241E+04 -6.608E+03 -8.545E+03  1.174E+04
 60  5  1.298 1.575    4.160E-01    2.239E+02  1.199E+04 -1.181E+03  2.855E+02  
 60  6  1.575 6.208    4.160E-01   -3.530E+02  6.609E+03  1.641E+04 -7.462E+03
 60  7  6.208 6.722    4.160E-01   -6.644E+01  2.796E+03  1.098E+05 -2.924E+04  
 60  8  6.722 7.128    4.160E-01   -1.114E+02  5.206E+03  1.457E+05 -5.559E+04  
 60  9  7.128 43.569   4.160E-01    8.287E+00  9.600E+02  2.935E+05 -7.637E+05  
 60 10  43.569 100.    4.160E-01   -9.944E+00  4.886E+03  2.320E+06 -2.702E+07  
 60 11  100.   500.    4.160E-01    3.820E+00  8.492E+01  2.868E+06 -4.750E+07  
 60 12  500.  100000.  4.160E-01    1.633E+00  2.833E+03  1.759E+06  9.295E+07  
 61  1  .01   .0305    4.207E-01    2.285E+03  0.         0.         0.         
 61  2  .0305 .122     4.207E-01    3.175E+03 -4.311E+02  2.911E+01 -5.124E-01
 61  3  .122  1.027    4.207E-01   -7.108E+02  4.102E+03 -1.397E+03  1.482E+02
 61  4  1.027 1.357    4.207E-01   -5.546E+02  7.912E+03  4.958E+03 -7.606E+02  
 61  5  1.357 1.471    4.207E-01   -5.157E+02  8.937E+03  6.066E+03 -1.148E+03  
 61  6  1.471 1.648    4.207E-01   -4.607E+02  9.760E+03  6.028E+03 -1.298E+03  
 61  7  1.648 6.459    4.207E-01   -1.912E+02  5.138E+03  2.120E+04 -1.345E+04  
 61  8  6.459 7.013    4.207E-01   -7.165E+01  3.169E+03  1.166E+05 -3.499E+04  
 61  9  7.013 7.428    4.207E-01   -2.589E+02  8.215E+03 -1.102E+05  1.824E+06  
 61 10  7.428 45.184   4.207E-01   -4.251E+01  4.740E+03  2.377E+05 -4.279E+05  
 61 11  45.184 100.    4.207E-01    9.003E-02  2.739E+03  2.641E+06 -3.336E+07  
 61 12  100.  500.     4.207E-01    2.857E+00  1.090E+03  2.888E+06 -4.432E+07  
 61 13  500.  100000.  4.207E-01    1.742E+00  3.069E+03  1.744E+06  1.719E+08  
 62  1  .01   .0305    4.123E-01    1.754E+03  0.         0.         0.         
 62  2  .0305 .128     4.123E-01    1.174E+03  1.370E+02 -4.815E+00  3.574E-02
 62  3  .128  1.078    4.123E-01   -1.315E+03  5.218E+03 -1.900E+03  2.181E+02  
 62  4  1.078 1.419    4.123E-01   -5.499E+02  7.881E+03  5.664E+03 -8.952E+02  
 62  5  1.419 6.716    4.123E-01   -1.126E+02  3.912E+03  3.230E+04 -2.774E+04
 62  6  6.716 7.312    4.123E-01   -3.580E+01  1.576E+03  1.290E+05 -2.201E+04  
 62  7  7.312 7.736    4.123E-01   -6.400E+01  3.084E+03  1.751E+05 -4.595E+04  
 62  8  7.736 46.834   4.123E-01    7.096E+00  1.071E+03  3.267E+05 -9.193E+05  
 62  9  46.834 100.    4.123E-01   -1.082E+01  5.919E+03  2.475E+06 -2.997E+07  
 62 10  100.   500.    4.123E-01    3.844E+00  4.077E+02  3.137E+06 -5.576E+07  
 62 11  500.  100000.  4.123E-01    1.799E+00  3.181E+03  1.898E+06  1.263E+08  
 63  1  .01   .0305    4.146E-01    2.047E+03  0.         0.         0.         
 63  2  .0305 .134     4.146E-01    4.276E+03 -4.382E+02  2.276E+01 -3.499E-01
 63  3  .134  1.131    4.146E-01   -4.678E+02  4.034E+03 -1.326E+03  1.388E+02
 63  4  1.131 1.481    4.146E-01   -5.507E+02  7.936E+03  6.518E+03 -1.058E+03  
 63  5  1.481 1.614    4.146E-01   -4.589E+02  1.019E+04  5.669E+03 -1.234E+03  
 63  6  1.614 1.800    4.146E-01   -4.913E+02  8.740E+03  1.016E+04 -2.142E+03  
 63  7  1.800 6.977    4.146E-01   -2.288E+02  5.934E+03  2.154E+04 -1.326E+04  
 63  8  6.977 7.618    4.146E-01   -2.466E+01  1.115E+03  1.400E+05 -1.768E+04  
 63  9  7.618 8.052    4.146E-01   -6.266E+01  3.143E+03  1.878E+05 -5.089E+04  
 63 10  8.052 48.519   4.146E-01   -4.306E+00  2.026E+03  3.280E+05 -9.012E+05  
 63 11  48.519 100.    4.146E-01   -7.610E+00  5.488E+03  2.642E+06 -3.287E+07  
 63 12  100.  500.     4.146E-01    3.783E+00  7.655E+02  3.245E+06 -5.731E+07  
 63 13  500.  100000.  4.146E-01    1.904E+00  3.400E+03  2.020E+06  1.315E+08  
 64  1  .01   .0305    4.070E-01    1.620E+03  0.         0.         0.         
 64  2  .0305 .140     4.070E-01    1.627E+03  8.320E+01 -5.112E+00  7.828E-02
 64  3  .140  1.185    4.070E-01   -2.404E+03  7.220E+03 -2.684E+03  2.976E+02 
 64  4  1.185 1.544    4.070E-01   -5.394E+02  7.849E+03  7.295E+03 -1.216E+03  
 64  5  1.544 1.688    4.070E-01   -4.486E+02  1.029E+04  6.091E+03 -1.380E+03  
 64  6  1.688  1.881   4.070E-01   -4.679E+02  9.424E+03  9.571E+03 -2.201E+03  
 64  7  1.881 7.243    4.070E-01   -3.017E+02  6.938E+03  1.944E+04 -1.104E+04  
 64  8  7.243 7.93     4.070E-01   -5.768E+01  2.841E+03  1.366E+05 -4.131E+04  
 64  9  7.93  8.375    4.070E-01   -3.358E+01  1.701E+03  2.029E+05 -3.312E+04  
 64 10  8.375 50.239   4.070E-01   -8.668E+00  2.379E+03  3.331E+05 -9.285E+05  
 64 11  50.239 500.    4.070E-01    3.209E+00  1.579E+03  3.144E+06 -4.804E+07  
 64 12  500.  100000.  4.070E-01    1.966E+00  3.553E+03  2.103E+06  1.345E+08  
 65  1  .01   .0305    4.090E-01    1.879E+03  0.         0.         0.         
 65  2  .0305 .147     4.090E-01    3.021E+03 -1.618E+02  9.979E+00 -1.862E-01
 65  3  .147  1.24     4.090E-01   -1.406E+03  5.621E+03 -1.912E+03  2.075E+02
 65  4  1.24  1.61     4.090E-01   -5.345E+02  7.632E+03  8.660E+03 -1.449E+03  
 65  5  1.61  1.765    4.090E-01   -4.988E+02  9.401E+03  9.226E+03 -2.000E+03  
 65  6  1.765 1.963    4.090E-01   -4.700E+02  9.391E+03  1.117E+04 -2.613E+03  
 65  7  1.963 7.514    4.090E-01   -1.902E+02  5.724E+03  2.615E+04 -1.782E+04  
 65  8  7.514 8.252    4.090E-01   -1.568E+02  1.116E+04  8.757E+04 -7.647E+04  
 65  9  8.252 8.708    4.090E-01   -4.533E+01  2.421E+03  2.126E+05 -4.859E+04  
 65 10  8.708 51.996   4.090E-01   -4.721E+00  2.127E+03  3.644E+05 -1.109E+06  
 65 11  51.996 500.    4.090E-01    3.903E+00  1.250E+03  3.405E+06 -5.637E+07  
 65 12  500.  100000.  4.090E-01    2.077E+00  3.763E+03  2.261E+06  1.155E+08  
 66  1  .01   .0305    4.062E-01    3.294E+03  0.         0.         0.         
 66  2  .0305 .154     4.062E-01    3.167E+03 -4.242E+01  5.269E+00 -1.178E-01
 66  3  .154  1.295    4.062E-01   -1.109E+03  5.234E+03 -1.650E+03  1.694E+02
 66  4  1.295 1.676    4.062E-01   -5.242E+02  7.751E+03  9.341E+03 -1.624E+03  
 66  5  1.676 1.842    4.062E-01   -4.635E+02  1.050E+04  8.066E+03 -1.930E+03  
 66  6  1.842 2.046    4.062E-01   -4.608E+02  9.448E+03  1.216E+04 -2.942E+03  
 66  7  2.046 7.79     4.062E-01   -1.077E+02  4.675E+03  3.253E+04 -2.519E+04  
 66  8  7.79  8.58     4.062E-01   -6.326E+01  3.407E+03  1.499E+05 -5.526E+04  
 66  9  8.58  9.046    4.062E-01   -7.262E+01  4.176E+03  2.130E+05 -8.026E+04  
 66 10  9.046 53.788   4.062E-01   -1.800E+01  3.374E+03  3.526E+05 -9.982E+05  
 66 11  53.788 500.    4.062E-01    4.112E+00  1.344E+03  3.520E+06 -5.867E+07  
 66 12  500.  100000.  4.062E-01    2.166E+00  3.928E+03  2.396E+06  1.007E+08  
 67  1  .01   .0426    4.062E-01    1.647E+03  0.         0.         0.         
 67  2  .0426 .161     4.062E-01    2.949E+03 -5.473E+01 -1.313E+00  5.447E-02
 67  3  .161  1.351    4.062E-01   -1.961E+03  6.859E+03 -2.353E+03  2.538E+02
 67  4  1.351 1.743    4.062E-01   -5.221E+02  8.169E+03  9.852E+03 -1.807E+03  
 67  5  1.743 1.923    4.062E-01   -4.878E+02  9.589E+03  1.119E+04 -2.580E+03  
 67  6  1.923 2.13     4.062E-01   -4.549E+02  9.349E+03  1.378E+04 -3.393E+03  
 67  7  2.13  8.072    4.062E-01   -1.379E+02  5.032E+03  3.428E+04 -2.787E+04  
 67  8  8.072 8.918    4.062E-01   -4.939E+01  2.705E+03  1.628E+05 -5.056E+04  
 67  9  8.918 9.394    4.062E-01   -4.426E+01  2.555E+03  2.349E+05 -5.948E+04  
 67 10  9.394 55.618   4.062E-01   -2.988E+00  2.094E+03  4.072E+05 -1.335E+06  
 67 11  55.618 500.    4.062E-01    5.131E+00  5.023E+02  4.000E+06 -7.974E+07  
 67 12  500.  100000.  4.062E-01    2.274E+00  4.258E+03  2.387E+06  1.450E+08  
 68  1  .01   .0322    4.066E-01    2.419E+03  0.         0.         0.         
 68  2  .0322 .169     4.066E-01    3.178E+03 -8.940E+01  5.741E+00 -1.173E-01
 68  3  .169  1.409    4.066E-01   -1.598E+03  6.371E+03 -2.015E+03  1.951E+02 
 68  4  1.409 1.812    4.066E-01   -5.148E+02  8.464E+03  1.038E+04 -1.998E+03  
 68  5  1.812 2.006    4.066E-01   -4.781E+02  8.546E+03  1.463E+04 -3.195E+03  
 68  6  2.006 2.217    4.066E-01   -4.470E+02  9.490E+03  1.489E+04 -3.799E+03  
 68  7  2.217 8.358    4.066E-01   -2.279E+02  6.501E+03  3.083E+04 -2.363E+04  
 68  8  8.358 9.264    4.066E-01   -5.162E+01  2.947E+03  1.710E+05 -5.828E+04  
 68  9  9.264 9.752    4.066E-01   -5.360E+01  3.254E+03  2.449E+05 -7.821E+04  
 68 10  9.752 57.486   4.066E-01    6.456E+00  1.211E+03  4.583E+05 -1.684E+06  
 68 11  57.486 500.    4.066E-01    4.025E+00  2.031E+03  3.795E+06 -6.651E+07  
 68 12  500.  100000.  4.066E-01    2.386E+00  4.497E+03  2.558E+06  1.403E+08  
 69  1  .01   .031     4.084E-01    1.729E+03  0.         0.         0.         
 69  2  .031  .180     4.084E-01    5.004E+03 -3.383E+02  1.358E+01 -1.932E-01
 69  3  .180  1.468    4.084E-01   -1.721E+03  6.821E+03 -2.191E+03  2.162E+02
 69  4  1.468 1.881    4.084E-01   -5.074E+02  8.420E+03  1.161E+04 -2.277E+03  
 69  5  1.881 8.648    4.084E-01    4.504E+02 -4.717E+03  9.421E+04 -1.104E+05
 69  6  8.648 9.617    4.084E-01   -5.189E+01  3.077E+03  1.808E+05 -6.499E+04  
 69  7  9.617 10.116   4.084E-01   -5.311E+01  3.348E+03  2.598E+05 -8.657E+04  
 69  8  10.116 59.39   4.084E-01   -3.887E+00  2.132E+03  4.637E+05 -1.723E+06  
 69  9  59.39  500.    4.084E-01    4.124E+00  2.299E+03  3.956E+06 -7.043E+07  
 69 10  500.  100000.  4.084E-01    2.512E+00  4.774E+03  2.690E+06  1.454E+08  
 70  1  .01   .075     4.045E-01    2.440E+03  0.         0.         0.         
 70  2  .075  .185     4.045E-01    5.923E+03 -5.235E+02  2.450E+01 -3.644E-01
 70  3  .185  1.528    4.045E-01   -1.402E+03  6.524E+03 -1.996E+03  1.849E+02
 70  4  1.528  1.95    4.045E-01   -4.649E+02  1.046E+04  8.110E+03 -1.884E+03  
 70  5  1.95  8.943    4.045E-01    3.077E+02 -2.145E+03  8.374E+04 -9.504E+04
 70  6  8.943 9.978    4.045E-01   -5.328E+01  3.291E+03  1.869E+05 -7.332E+04  
 70  7  9.978 10.489   4.045E-01   -7.311E+01  4.929E+03  2.602E+05 -1.239E+05  
 70  8  10.489 61.332   4.045E-01   -2.434E+01  4.269E+03  4.243E+05 -1.379E+06  
 70  9  61.332 500.    4.045E-01    4.575E+00  2.312E+03  4.086E+06 -7.562E+07  
 70 10  500.  100000.  4.045E-01    2.606E+00  4.980E+03  2.895E+06  9.923E+07  
 71  1  .01   .09      4.058E-01    2.123E+03  0.         0.         0.       
 71  2  .09   .195     4.058E-01    8.368E+03 -1.105E+03  5.971E+01 -9.746E-01
 71  3  .195  1.588    4.058E-01   -1.536E+03  7.063E+03 -2.291E+03  2.250E+02
 71  4  1.588 2.024    4.058E-01   -4.936E+02  9.095E+03  1.255E+04 -2.717E+03
 71  5  2.024 9.245    4.058E-01    2.304E+02 -1.379E+03  8.594E+04 -1.012E+05
 71  6  9.245 10.349   4.058E-01   -5.213E+01  3.333E+03  1.974E+05 -7.977E+04
 71  7  10.349 10.874  4.058E-01   -5.333E+01  3.627E+03  2.858E+05 -1.071E+05
 71  8  10.874 63.316  4.058E-01    3.726E+00  1.486E+03  5.352E+05 -2.222E+06
 71  9  63.316 500.    4.058E-01    5.266E+00  2.137E+03  4.329E+06 -8.327E+07
 71 10  500.  100000.  4.058E-01    2.736E+00  5.209E+03  3.153E+06  5.239E+07
 72  1  .01   .0512    4.034E-01    5.463E+03 -2.212E+02  3.566E+00 -1.819E-02
 72  2  .0512  .213    4.034E-01    9.488E+03 -1.416E+03  8.076E+01 -1.382E+00
 72  3  .213  1.662    4.034E-01   -1.796E+03  7.903E+03 -2.748E+03  2.932E+02  
 72  4  1.662 2.108    4.034E-01   -4.835E+02  9.549E+03  1.284E+04 -2.957E+03
 72  5  2.108 9.560    4.034E-01    3.480E+02 -3.031E+03  9.762E+04 -1.203E+05
 72  6  9.560 10.739   4.034E-01   -6.090E+01  4.112E+03  2.015E+05 -9.934E+04
 72  7  10.739 11.272   4.034E-01   -7.386E+01  5.387E+03  2.859E+05 -1.536E+05
 72  8  11.272 65.345   4.034E-01   -1.873E+01  4.102E+03  4.698E+05 -1.572E+06
 72  9  65.345 500.    4.034E-01    4.753E+00  2.673E+03  4.462E+06 -8.960E+07
 72 10  500.  100000.  4.034E-01    2.845E+00  5.554E+03  3.013E+06  1.535E+08
 73  1  .01   .0233    4.034E-01   -9.358E+03  4.382E+02 -5.661E+00  2.301E-02
 73  2  .0233 .0428    4.034E-01    3.537E+04 -2.591E+03  6.585E+01 -5.643E-01
 73  3  .0428 .229     4.034E-01    9.080E+03 -1.376E+03  8.354E+01 -1.487E+00
 73  4  .229  1.735    4.034E-01   -1.944E+03  8.490E+03 -3.040E+03  3.330E+02
 73  5  1.735 2.194    4.034E-01   -4.771E+02  1.003E+04  1.338E+04 -3.254E+03
 73  6  2.194 9.880    4.034E-01    1.047E+02  6.524E+02  8.380E+04 -1.025E+05
 73  7  9.880 11.136   4.034E-01   -5.521E+01  3.828E+03  2.145E+05 -1.019E+05  
 73  8  11.136 11.68    4.034E-01   -4.987E+01  3.641E+03  3.160E+05 -1.250E+05  
 73  9  11.68 67.416   4.034E-01   -2.176E+00  2.172E+03  5.708E+05 -2.482E+06  
 73 10  67.416  500.   4.034E-01    5.194E+00  2.794E+03  4.645E+06 -9.648E+07  
 73 11  500.  100000.  4.034E-01    2.973E+00  5.785E+03  3.320E+06  9.608E+07  
 74  1  .01   .031     4.025E-01   -2.084E+03  1.834E+02 -2.686E+00  1.131E-02
 74  2  .031  .0493    4.025E-01   -1.398E+04  2.451E+03 -1.057E+02  1.381E+00
 74  3  .0493 .245     4.025E-01    9.985E+03 -1.816E+03  1.301E+02 -2.747E+00
 74  4  .245  1.809    4.025E-01   -1.825E+03  8.623E+03 -3.114E+03  3.432E+02
 74  5  1.809 2.281    4.025E-01   -4.666E+02  1.057E+04  1.355E+04 -3.503E+03  
 74  6  2.281 10.204   4.025E-01    1.412E+02  2.762E+02  8.940E+04 -1.129E+05
 74  7  10.204 11.541   4.025E-01   -6.206E+01  4.525E+03  2.194E+05 -1.223E+05  
 74  8  11.541 12.098   4.025E-01   -1.211E+02  1.058E+04  2.701E+05 -2.556E+05  
 74  9  12.098 69.525   4.025E-01   -2.105E+01  4.623E+03  5.109E+05 -1.835E+06  
 74 10  69.525  500.   4.025E-01    5.276E+00  2.999E+03  4.828E+06 -1.030E+08  
 74 11  500.  100000.  4.025E-01    3.099E+00  6.112E+03  3.348E+06  1.310E+08  
 75  1  .01   .0384    4.028E-01   -5.759E+03  4.019E+02 -6.479E+00  3.113E-02
 75  2  .0384  .260    4.028E-01    1.235E+04 -2.571E+03  1.879E+02 -4.072E+00
 75  3  .260  1.883    4.028E-01   -1.846E+03  9.196E+03 -3.553E+03  4.261E+02
 75  4  1.883 2.368    4.028E-01   -4.438E+02  1.148E+04  1.253E+04 -3.520E+03  
 75  5  2.368 10.534   4.028E-01    1.961E+02 -3.585E+02  9.550E+04 -1.180E+05
 75  6  10.534 11.957   4.028E-01   -5.721E+01  4.284E+03  2.331E+05 -1.270E+05  
 75  7  11.957 12.528   4.028E-01   -1.192E+02  1.081E+04  2.828E+05 -2.788E+05  
 75  8  12.528 71.676   4.028E-01   -8.548E+00  3.122E+03  5.972E+05 -2.571E+06  
 75  9  71.676 500.    4.028E-01    4.901E+00  3.621E+03  4.969E+06 -1.085E+08  
 75 10  500.  100000.  4.028E-01    3.238E+00  6.600E+03  3.237E+06  2.204E+08  
 76  1  .01   .0464    3.996E-01    5.189E+02  1.085E+02 -2.362E+00  1.285E-02
 76  2  .0464 .272     3.996E-01    9.943E+03 -1.964E+03  1.499E+02 -3.533E+00
 76  3  .272  1.960    3.996E-01   -1.915E+03  9.625E+03 -3.819E+03  4.641E+02
 76  4  1.960 2.457    3.996E-01   -4.312E+02  1.174E+04  1.298E+04 -3.813E+03  
 76  5  2.457 10.871   3.996E-01   -7.620E+01  3.809E+03  8.189E+04 -1.090E+05
 76  6  10.871 12.385   3.996E-01   -5.946E+01  4.643E+03  2.401E+05 -1.434E+05  
 76  7  12.385 12.969   3.996E-01   -1.116E+02  1.035E+04  3.012E+05 -2.961E+05  
 76  8  12.969 73.871   3.996E-01   -1.803E+01  4.548E+03  5.700E+05 -2.246E+06  
 76  9  73.871 500.    3.996E-01    5.735E+00  3.318E+03  5.232E+06 -1.209E+08  
 76 10  500.  100000.  3.996E-01    3.351E+00  6.829E+03  3.509E+06  1.607E+08  
 77  1  .01   .048     4.006E-01   -9.441E+01  1.284E+02 -2.563E+00  1.347E-02 
 77  2  .048  .295     4.006E-01    9.926E+03 -2.049E+03  1.630E+02 -4.025E+00  
 77  3  .295  2.040    4.006E-01   -2.391E+03  1.087E+04 -4.456E+03  5.612E+02  
 77  4  2.040 2.551    4.006E-01   -4.371E+02  1.150E+04  1.539E+04 -4.560E+03  
 77  5  2.551 11.215   4.006E-01    1.540E+02 -7.160E+02  1.147E+05 -1.673E+05
 77  6  11.215 12.824   4.006E-01   -5.153E+01  4.097E+03  2.582E+05 -1.419E+05  
 77  7  12.824 13.419   4.006E-01   -1.366E+02  1.456E+04  2.707E+05 -3.461E+05  
 77  8  13.419 76.111   4.006E-01   -1.995E+01  4.906E+03  6.064E+05 -2.648E+06  
 77  9  76.111 500.    4.006E-01    6.213E+00  3.458E+03  5.442E+06 -1.286E+08  
 77 10  500.  100000.  4.006E-01    3.505E+00  7.126E+03  3.805E+06  1.114E+08  
 78  1  .01   .0226    3.998E-01    1.220E+04 -3.768E+02  4.167E+00 -1.564E-02
 78  2  .0226 .0735    3.998E-01    1.396E+04 -1.184E+03  3.650E+01 -3.548E-01
 78  3  .0735 .313     3.998E-01    1.172E+04 -2.752E+03  2.212E+02 -4.579E+00
 78  4  .313  2.122    3.998E-01   -2.373E+03  1.129E+04 -4.739E+03  6.166E+02
 78  5  2.122 2.645    3.998E-01   -4.333E+02  1.147E+04  1.710E+04 -5.181E+03
 78  6  2.645 11.564   3.998E-01   -7.755E+01  2.847E+03  1.047E+05 -1.599E+05
 78  7  11.564 13.273   3.998E-01   -6.719E+01  5.737E+03  2.565E+05 -1.880E+05  
 78  8  13.273 13.88    3.998E-01   -1.399E+02  1.605E+04  2.671E+05 -3.742E+05  
 78  9  13.88 78.395   3.998E-01    1.076E+01  9.617E+02  7.776E+05 -4.207E+06  
 78 10  78.395 500.    3.998E-01    6.088E+00  4.001E+03  5.552E+06 -1.300E+08  
 78 11  500.  100000.  3.998E-01    3.646E+00  7.453E+03  3.931E+06  1.226E+08  
 79  1  .01   .07      4.011E-01    4.105E+03  2.410E+01 -1.837E+00  1.252E-02
 79  2  .07   .334     4.011E-01    1.581E+04 -4.931E+03  5.197E+02 -1.622E+01
 79  3  .334  2.206    4.011E-01   -2.231E+03  1.142E+04 -4.781E+03  6.012E+02
 79  4  2.206 2.743    4.011E-01   -4.203E+02  1.212E+04  1.690E+04 -5.448E+03  
 79  5  2.743 11.919   4.011E-01    1.443E+02 -4.096E+02  1.249E+05 -1.944E+05
 79  6  11.919 13.734   4.011E-01   -8.194E+01  7.574E+03  2.506E+05 -2.318E+05  
 79  7  13.734 14.353   4.011E-01   -1.134E+02  1.194E+04  3.355E+05 -3.921E+05  
 79  8  14.353 80.725   4.011E-01   -3.392E+00  3.070E+03  7.247E+05 -3.499E+06  
 79  9  80.725 500.    4.011E-01    7.917E+00  2.918E+03  6.095E+06 -1.596E+08  
 79 10  500.  100000.  4.011E-01    3.811E+00  7.846E+03  4.248E+06  4.571E+07  
 80  1  .01   .09      3.988E-01    5.142E+03  0.         0.         0.         
 80  2  .09   .360     3.988E-01    1.780E+04 -5.970E+03  6.765E+02 -2.176E+01
 80  3  .360  2.295    3.988E-01   -2.317E+03  1.206E+04 -5.219E+03  7.004E+02
 80  4  2.295 2.847    3.988E-01   -3.961E+02  1.286E+04  1.582E+04 -5.482E+03  
 80  5  2.847 12.283   3.988E-01    2.241E+02 -2.195E+03  1.429E+05 -2.325E+05
 80  6  12.283 14.209   3.988E-01   -7.533E+01  7.084E+03  2.675E+05 -2.412E+05  
 80  7  14.209 14.842   3.988E-01   -1.288E+02  1.524E+04  3.090E+05 -4.397E+05  
 80  8  14.842 83.102   3.988E-01    4.681E-01  2.405E+03  7.958E+05 -4.232E+06  
 80  9  83.102 500.    3.988E-01    6.983E+00  4.309E+03  5.980E+06 -1.518E+08  
 80 10  500.  100000.  3.988E-01    3.946E+00  8.311E+03  4.256E+06  8.942E+07  
 81  1  .01   .0313    3.963E-01    1.823E+03  0.         0.         0.         
 81  2  .0313 .0985    3.963E-01   -1.010E+04  1.911E+03 -7.721E+01  9.111E-01
 81  3  .0985 .386     3.963E-01    1.488E+04 -4.878E+03  5.536E+02 -1.923E+01
 81  4  .386  2.389    3.963E-01   -2.399E+03  1.271E+04 -5.745E+03  7.873E+02
 81  5  2.389 2.956    3.963E-01   -4.087E+02  1.156E+04  2.169E+04 -7.188E+03  
 81  6  2.956 12.656   3.963E-01    1.551E+02 -9.040E+02  1.404E+05 -2.314E+05 
 81  7  12.656 14.697   3.963E-01   -6.647E+01  6.324E+03  2.871E+05 -2.439E+05  
 81  8  14.697 15.346   3.963E-01   -1.405E+02  2.137E+04  2.340E+05 -4.290E+05  
 81  9  15.346 85.53   3.963E-01   -1.053E+01  4.195E+03  7.543E+05 -3.747E+06  
 81 10  85.53 500.     3.963E-01    7.684E+00  4.048E+03  6.314E+06 -1.714E+08  
 81 11  500.  100000.  3.963E-01    4.082E+00  8.543E+03  4.521E+06  5.178E+07  
 82  1  .01   .0311    3.958E-01    1.569E+03  0.         0.         0.         
 82  2  .0311 .095     3.958E-01   -9.651E+03  1.870E+03 -7.761E+01  9.425E-01
 82  3  .095  .413     3.958E-01    1.609E+04 -5.855E+03  7.149E+02 -2.672E+01
 82  4  .413  2.484    3.958E-01   -2.194E+03  1.239E+04 -5.418E+03  6.794E+02
 82  5  2.484 3.066    3.958E-01   -4.016E+02  1.173E+04  2.316E+04 -7.955E+03  
 82  6  3.066 13.035   3.958E-01    6.749E+01  6.789E+02  1.401E+05 -2.437E+05
 82  7  13.035 15.2    3.958E-01   -7.125E+01  7.126E+03  2.931E+05 -2.779E+05  
 82  8  15.2  15.861   3.958E-01   -1.363E+02  1.992E+04  2.721E+05 -4.887E+05  
 82  9  15.861 88.004   3.958E-01   -8.206E+00  4.058E+03  7.950E+05 -4.115E+06  
 82 10  88.004 500.    3.958E-01    7.595E+00  4.692E+03  6.429E+06 -1.747E+08  
 82 11  500.  100000.  3.958E-01    4.240E+00  8.883E+03  4.754E+06  3.448E+07  
 83  1  .01   .024     3.972E-01   -4.395E+02  1.185E+01  2.207E-01 -1.865E-03
 83  2  .024  .026     3.972E-01    4.586E+03 -1.052E+02 -2.706E+00  7.877E-02
 83  3  .026  .0379    3.972E-01    1.118E+04 -3.159E+02 -9.250E+00  2.918E-01
 83  4  .0379 .1136    3.972E-01   -1.578E+04  3.450E+03 -1.741E+02  2.596E+00 
 83  5  .1136 .362     3.972E-01    2.124E+04 -8.884E+03  1.240E+03 -5.312E+01  
 83  6  .362  2.581    3.972E-01   -1.835E+03  1.188E+04 -5.123E+03  6.229E+02 
 83  7  2.581 3.177    3.972E-01   -3.943E+02  1.129E+04  2.671E+04 -9.164E+03  
 83  8  3.177 13.42    3.972E-01    2.402E+02 -2.657E+03  1.637E+05 -2.867E+05
 83  9  13.42 15.714   3.972E-01   -6.824E+01  7.005E+03  3.089E+05 -2.951E+05  
 83 10  15.714 16.391   3.972E-01   -1.337E+02  1.999E+04  2.903E+05 -5.342E+05  
 83 11  16.391 90.526   3.972E-01   -1.411E+00  3.094E+03  8.901E+05 -5.203E+06  
 83 12  90.526 500.    3.972E-01    9.935E+00  3.289E+03  6.983E+06 -2.020E+08  
 83 13  500.  100000.  3.972E-01    4.425E+00  9.396E+03  5.008E+06 -5.280E+07  
 84  1  .01   .0305    4.019E-01    1.109E+03  0.         0.         0.
 84  2  .0305 .07      4.019E-01    1.939E+04 -1.380E+03  3.526E+01 -3.106E-01
 84  3  .07   .2415    4.019E-01    9.152E+03 -3.829E+03  5.535E+02 -2.106E+01
 84  4  .2415 2.683    4.019E-01   -1.131E+03  1.041E+04 -4.126E+03  4.235E+02
 84  5  2.683 3.302    4.019E-01   -3.899E+02  1.134E+04  2.963E+04 -1.038E+04  
 84  6  3.302 13.814   4.019E-01    4.918E+02 -1.053E+04  2.383E+05 -4.647E+05
 84  7  13.814 16.244   4.019E-01   -7.471E+01  8.106E+03  3.143E+05 -3.397E+05  
 84  8  16.244 16.936   4.019E-01   -1.335E+02  2.199E+04  2.786E+05 -5.569E+05  
 84  9  16.936 93.105   4.019E-01    7.789E+00  1.767E+03  1.003E+06 -6.443E+06  
 84 10  93.105 500.    4.019E-01    8.525E+00  5.102E+03  6.990E+06 -2.009E+08  
 84 11  500.  100000.  4.019E-01    4.633E+00  9.868E+03  5.142E+06  1.775E+07  
 85  1  .01   .0305    4.048E-01    5.224E+02  0.         0.         0.         
 85  2  .0305 .072     4.048E-01    2.744E+04 -2.310E+03  6.658E+01 -6.458E-01
 85  3  .072  .244     4.048E-01    6.422E+03 -2.954E+03  4.933E+02 -2.019E+01
 85  4  .244  2.787    4.048E-01   -1.933E+03  1.303E+04 -5.806E+03  6.870E+02
 85  5  2.787 3.426    4.048E-01   -3.889E+02  1.171E+04  3.195E+04 -1.160E+04  
 85  6  3.426 14.214   4.048E-01    3.129E+02 -6.378E+03  2.158E+05 -4.073E+05
 85  7  14.214 16.785   4.048E-01   -6.880E+01  7.565E+03  3.411E+05 -3.547E+05  
 85  8  16.785 17.491   4.048E-01   -1.280E+02  1.941E+04  3.508E+05 -6.556E+05  
 85  9  17.491 95.73    4.048E-01   -1.695E+00  3.621E+03  9.663E+05 -5.746E+06  
 85 10  95.73 500.     4.048E-01    9.913E+00  4.822E+03  7.370E+06 -2.163E+08  
 85 11  500.  100000.  4.048E-01    4.871E+00  1.062E+04  5.352E+06 -2.702E+07  
 86  1  .01   .0466    3.874E-01    1.284E+03  0.         0.         0.         
 86  2  .0466 .093     3.874E-01   -7.912E+02  2.111E+03 -1.709E+02  3.589E+00
 86  3  .093  .305     3.874E-01    1.243E+04 -6.150E+03  1.021E+03 -4.644E+01
 86  4  .305  2.892    3.874E-01   -1.804E+03  1.279E+04 -5.624E+03  6.228E+02  
 86  5  2.892 3.538    3.874E-01   -3.616E+02  1.088E+04  3.423E+04 -1.248E+04  
 86  6  3.538 14.619   3.874E-01    1.691E+02 -2.424E+03  1.954E+05 -4.008E+05
 86  7  14.619 17.337   3.874E-01   -6.756E+01  7.739E+03  3.363E+05 -3.748E+05  
 86  8  17.337 18.055   3.874E-01   -1.220E+02  1.976E+04  3.335E+05 -6.657E+05  
 86  9  18.055 98.404   3.874E-01   -5.899E-01  3.312E+03  9.833E+05 -6.258E+06  
 86 10  98.404 500.    3.874E-01    8.633E+00  5.888E+03  7.122E+06 -2.120E+08  
 86 11  500.  100000.  3.874E-01    4.841E+00  1.057E+04  5.286E+06  1.022E+07  
 87  1  .01   .0494    3.901E-01    1.287E+03  0.         0.         0.         
 87  2  .0494 .196     3.901E-01   -9.129E+03  3.064E+03 -1.840E+02  2.869E+00
 87  3  .196  .525     3.901E-01    1.217E+04 -1.865E+03 -1.031E+03  1.980E+02
 87  4  .525  3.00     3.901E-01   -2.201E+03  1.461E+04 -7.082E+03  9.132E+02
 87  5  3.00  3.664    3.901E-01   -3.615E+02  1.150E+04  3.541E+04 -1.363E+04  
 87  6  3.664 15.03    3.901E-01   -5.769E+02  1.660E+04  5.526E+04 -7.044E+04  
 87  7  15.03 17.904   3.901E-01   -6.236E+01  7.249E+03  3.612E+05 -3.893E+05  
 87  8  17.904 18.639   3.901E-01   -1.213E+02  2.052E+04  3.455E+05 -7.195E+05  
 87  9  18.639 101.137  3.901E-01   -8.453E+00  4.660E+03  9.757E+05 -6.010E+06  
 87 10 101.137 500.    3.901E-01    1.104E+01  4.630E+03  7.706E+06 -2.445E+08  
 87 11  500.  100000.  3.901E-01    5.063E+00  1.115E+04  5.666E+06 -1.082E+08  
 88  1  .01   .0579    3.893E-01    1.415E+03  0.         0.         0.         
 88  2  .0579 .15      3.893E-01   -3.003E+04  8.875E+03 -6.798E+02  1.571E+01
 88  3  .15   .396     3.893E-01    2.941E+04 -1.786E+04  3.591E+03 -2.242E+02
 88  4  .396  3.109    3.893E-01   -1.852E+03  1.361E+04 -6.123E+03  6.294E+02
 88  5  3.109 3.791    3.893E-01   -3.547E+02  1.164E+04  3.753E+04 -1.492E+04  
 88  6  3.791 15.446   3.893E-01    2.933E+02 -6.829E+03  2.528E+05 -5.565E+05
 88  7  15.446 18.484   3.893E-01   -6.085E+01  7.287E+03  3.762E+05 -4.161E+05  
 88  8  18.484 19.237   3.893E-01   -1.192E+02  2.119E+04  3.500E+05 -7.644E+05  
 88  9  19.237 103.922  3.893E-01   -1.024E+01  5.310E+03  9.756E+05 -5.773E+06  
 88 10 103.922 500.    3.893E-01    1.241E+01  3.727E+03  8.307E+06 -2.833E+08  
 88 11  500.  100000.  3.893E-01    5.221E+00  1.168E+04  5.739E+06 -9.046E+07  
 89  1  .01   .0712    3.920E-01    1.258E+03  0.         0.         0.         
 89  2  .0712 .216     3.920E-01   -2.747E+03  3.975E+02  1.941E+02 -1.439E+01
 89  3  .216  .375     3.920E-01    1.958E+04 -9.878E+03  1.388E+03 -1.778E+01
 89  4  .375  3.219    3.920E-01   -2.098E+03  1.506E+04 -7.581E+03  9.825E+02
 89  5  3.219 3.909    3.920E-01   -3.474E+02  1.153E+04  4.113E+04 -1.657E+04  
 89  6  3.909 15.870   3.920E-01    5.789E+02 -1.507E+04  3.328E+05 -7.718E+05
 89  7 15.870 19.083   3.920E-01   -6.339E+01  7.915E+03  3.884E+05 -4.637E+05  
 89  8  19.083 19.845   3.920E-01   -1.182E+02  2.194E+04  3.621E+05 -8.244E+05  
 89  9  19.845 106.759  3.920E-01    8.142E+00  2.287E+03  1.185E+06 -8.493E+06  
 89 10 106.759 500.    3.920E-01    1.003E+01  6.690E+03  7.961E+06 -2.545E+08  
 89 11  500.  100000.  3.920E-01    5.479E+00  1.217E+04  5.897E+06 -2.287E+07  
 90  1  .01   .0879    3.879E-01    1.134E+03  0.         0.         0.         
 90  2  .0879 .676     3.879E-01    1.398E+04 -6.113E+03  8.572E+02 -2.963E+01
 90  3  .676  3.332    3.879E-01   -1.466E+03  1.349E+04 -6.743E+03  1.013E+03
 90  4  3.332 4.046    3.879E-01   -3.308E+02  1.094E+04  4.517E+04 -1.812E+04  
 90  5  4.046 16.30    3.879E-01    2.265E+02 -3.796E+03  2.424E+05 -5.526E+05
 90  6  16.30 19.693   3.879E-01   -5.998E+01  7.669E+03  4.039E+05 -4.843E+05  
 90  7  19.693 20.466   3.879E-01   -1.152E+02  2.229E+04  3.694E+05 -8.743E+05  
 90  8  20.466 109.651  3.879E-01   -1.965E+01  7.238E+03  9.916E+05 -5.869E+06  
 90  9 109.651 500.    3.879E-01    1.150E+01  6.085E+03  8.292E+06 -2.758E+08  
 90 10  500.  100000.  3.879E-01    5.620E+00  1.245E+04  6.338E+06 -1.549E+08  
 91  1  .01   .094     3.939E-01    2.194E+03  0.         0.         0.       
 91  2  .094  .371     3.939E-01    8.794E+03 -2.841E+03  2.038E+02  1.370E+01
 91  3  .371  3.442    3.939E-01   -2.042E+03  1.581E+04 -8.451E+03  1.211E+03
 91  4  3.442 4.174    3.939E-01   -3.240E+02  1.078E+04  5.022E+04 -2.015E+04  
 91  5  4.174 16.733   3.939E-01    1.921E+03 -5.267E+04  6.573E+05 -1.562E+06
 91  6  16.733 20.314   3.939E-01   -6.436E+01  8.617E+03  4.180E+05 -5.495E+05  
 91  7  20.314 21.105   3.939E-01   -1.129E+02  2.138E+04  4.231E+05 -9.875E+05  
 91  8  21.105 112.601  3.939E-01    1.526E+01  1.356E+03  1.351E+06 -1.082E+07  
 91  9 112.601 500.    3.939E-01    1.254E+01  5.894E+03  8.877E+06 -3.120E+08  
 91 10  500.  100000.  3.939E-01    5.918E+00  1.306E+04  6.683E+06 -1.778E+08  
 92  1  .01   .0171    3.865E-01    4.400E+03 -1.564E+02  2.241E+00 -1.062E-02
 92  2  .0171 .0963    3.865E-01   -2.175E+03  4.327E+02 -1.164E+01  8.742E-02
 92  3  .0963 .617     3.865E-01    1.528E+04 -7.106E+03  1.060E+03 -4.036E+01
 92  4  .617  3.552    3.865E-01   -1.807E+03  1.483E+04 -7.405E+03  8.426E+02 
 92  5  3.552 4.304    3.865E-01   -3.148E+02  1.094E+04  5.041E+04 -2.121E+04  
 92  6  4.304 17.17    3.865E-01   -1.100E+02  4.889E+03  1.908E+05 -4.810E+05
 92  7  17.17 20.948   3.865E-01   -6.720E+01  9.489E+03  4.107E+05 -6.000E+05  
 92  8 20.948 21.759   3.865E-01   -1.033E+02  1.864E+04  4.878E+05 -1.076E+06  
 92  9 21.759 115.606  3.865E-01    6.281E-01  3.792E+03  1.281E+06 -1.003E+07  
 92 10 115.606 500.    3.865E-01    1.146E+01  7.568E+03  8.699E+06 -3.106E+08  
 92 11  500.  100000.  3.865E-01    6.017E+00  1.327E+04  7.079E+06 -2.456E+08  
 93  1  .01   .1013    3.923E-01    2.522E+03  0.         0.         0.         
 93  2  .1013 .431     3.923E-01    1.668E+04 -8.606E+03  1.441E+03 -6.401E+01
 93  3  .431  3.664    3.923E-01   -2.561E+03  1.858E+04 -1.101E+04  1.791E+03 
 93  4  3.664 4.435    3.923E-01   -3.232E+02  1.200E+04  5.096E+04 -2.302E+04  
 93  5  4.435 17.613   3.923E-01   -4.467E+01  2.778E+03  2.204E+05 -5.257E+05
 93  6  17.613 21.60   3.923E-01   -6.355E+01  9.093E+03  4.439E+05 -6.341E+05  
 93  7  21.60 22.427   3.923E-01   -1.103E+02  2.501E+04  3.841E+05 -1.044E+06  
 93  8  22.427 118.67   3.923E-01    5.579E+00  3.489E+03  1.354E+06 -1.078E+07  
 93  9  118.67 500.    3.923E-01    1.272E+01  7.422E+03  9.191E+06 -3.336E+08  
 93 10  500.  100000.  3.923E-01    6.330E+00  1.392E+04  7.484E+06 -3.064E+08  
 94  1  .01   .0306    3.852E-01    3.508E+03  0.         0.         0.         
 94  2  .0306 .1054    3.852E-01   -2.939E+03  8.224E+02 -3.576E+01  5.087E-01 
 94  3  .1054 .405     3.852E-01    1.270E+04 -6.607E+03  1.093E+03 -3.674E+01
 94  4  .405  3.778    3.852E-01   -2.063E+03  1.760E+04 -1.057E+04  1.695E+03  
 94  5  3.778 4.556    3.852E-01   -3.181E+02  1.245E+04  5.096E+04 -2.427E+04  
 94  6  4.556 18.063   3.852E-01    3.925E+02 -1.022E+04  3.515E+05 -9.309E+05
 94  7  18.063 22.27    3.852E-01   -6.367E+01  9.444E+03  4.539E+05 -6.824E+05  
 94  8  22.27 23.109   3.852E-01   -1.065E+02  2.299E+04  4.461E+05 -1.181E+06  
 94  9  23.109 121.797  3.852E-01   -1.248E+01  6.703E+03  1.250E+06 -9.411E+06  
 94 10 121.797  500.   3.852E-01    1.781E+01  3.158E+03  1.075E+07 -4.693E+08  
 94 11  500.  100000.  3.852E-01    6.490E+00  1.422E+04  8.179E+06 -5.340E+08  
 95  1   .01  .103     3.909E-01    9.600E+02  0.         0.         0.         
 95  2   .103 .498     3.909E-01    3.669E+03 -1.927E+03  3.556E+02 -1.775E+01 
 95  3  .498  .828     3.909E-01   -8.806E+04  1.824E+05 -1.119E+05  2.150E+04
 95  4  .828  3.887    3.909E-01   -8.786E+02  1.063E+04 -5.553E+02 -1.750E+03  
 95  5  3.887 4.667    3.909E-01   -3.188E+02  1.325E+04  5.127E+04 -2.586E+04  
 95  6  4.667 18.519   3.909E-01    3.232E+02 -9.027E+03  3.584E+05 -9.931E+05
 95  7  18.519 22.958   3.909E-01   -6.201E+01  9.427E+03  4.778E+05 -7.281E+05  
 95  8  22.958 23.812   3.909E-01   -9.199E+01  1.716E+04  6.101E+05 -1.350E+06  
 95  9  23.812 124.99   3.909E-01   -3.730E+00  5.425E+03  1.376E+06 -1.109E+07  
 95 10 124.99  500.    3.909E-01    1.966E+01  2.217E+03  1.154E+07 -5.298E+08  
 95 11  500.  100000.  3.909E-01    6.763E+00  1.479E+04  8.647E+06 -6.116E+08  
 96  1   .01  .1       3.887E-01    1.000E+03  0.         0.         0.         
 96  2   .1   .498     3.887E-01    3.148E+03 -1.605E+03  2.954E+02 -1.411E+01
 96  3  .498  .853     3.887E-01   -7.979E+04  1.716E+05 -1.079E+05  2.118E+04
 96  4  .853  3.971    3.887E-01   -8.139E+02  1.040E+04  4.547E+02 -2.530E+03  
 96  5  3.971 4.797    3.887E-01   -3.144E+02  1.378E+04  5.160E+04 -2.733E+04  
 96  6  4.797 18.982   3.887E-01   -2.912E+02  1.117E+04  1.679E+05 -4.469E+05 
 96  7  18.982 23.663   3.887E-01   -5.879E+01  9.126E+03  4.981E+05 -7.597E+05  
 96  8  23.663 24.535   3.887E-01   -1.010E+02  2.212E+04  5.193E+05 -1.402E+06  
 96  9  24.535 128.253  3.887E-01   -1.147E+01  7.190E+03  1.327E+06 -1.016E+07  
 96 10 128.253 500.    3.887E-01    2.200E+01  1.083E+03  1.208E+07 -5.684E+08  
 96 11  500.  100000.  3.887E-01    7.017E+00  1.493E+04  9.471E+06 -8.527E+08  
 97  1   .01  .1       3.927E-01    1.100E+03  0.         0.         0.         
 97  2   .1   .531     3.927E-01    3.725E+03 -1.998E+03  3.728E+02 -1.783E+01
 97  3   .531 .877     3.927E-01   -1.348E+05  2.867E+05 -1.865E+05  3.853E+04 
 97  4  .877  4.132    3.927E-01   -1.092E+03  1.257E+04 -3.090E+03 -6.861E+02  
 97  5  4.132 4.977    3.927E-01   -3.108E+02  1.396E+04  5.452E+04 -2.964E+04  
 97  6  4.977 19.452   3.927E-01   -8.536E+01  5.200E+03  2.278E+05 -6.067E+05
 97  7  19.452 24.385   3.927E-01   -6.035E+01  9.752E+03  5.095E+05 -8.299E+05  
 97  8  24.385 25.275   3.927E-01   -1.018E+02  2.538E+04  4.681E+05 -1.412E+06  
 97  9  25.275 131.59   3.927E-01   -1.308E+01  7.916E+03  1.354E+06 -1.049E+07  
 97 10 131.59 500.     3.927E-01    2.374E+01  1.750E+02  1.285E+07 -6.352E+08  
 97 11  500.  100000.  3.927E-01    7.219E+00  1.592E+04  9.491E+06 -8.283E+08  
 98  1   .01  .1       3.904E-01    1.220E+03  0.         0.         0.         
 98  2   .1   .548     3.904E-01    3.846E+03 -2.092E+03  3.854E+02 -1.758E+01
 98  3  .548  .902     3.904E-01   -5.378E+04  1.380E+05 -9.898E+04  2.185E+04 
 98  4  .902  4.254    3.904E-01   -9.355E+02  1.168E+04 -4.663E+02 -2.379E+03  
 98  5  4.254 5.109    3.904E-01   -3.044E+02  1.361E+04  6.013E+04 -3.273E+04  
 98  6  5.109 19.929   3.904E-01    3.450E+02 -1.057E+04  4.170E+05 -1.248E+06
 98  7  19.929 25.125   3.904E-01   -5.797E+01  9.571E+03  5.352E+05 -8.755E+05  
 98  8  25.125 26.03   3.904E-01   -9.148E+01  1.942E+04  6.490E+05 -1.673E+06  
 98  9  26.03 135.005  3.904E-01   -5.416E+01  1.706E+04  8.630E+05 -1.792E+06  
 98 10 135.005 500.    3.904E-01    2.771E+01 -2.903E+03  1.419E+07 -7.456E+08  
 98 11  500.  100000.  3.904E-01    7.544E+00  1.589E+04  1.052E+07 -1.089E+09  
 99  1   .01  .927     3.929E-01    1.330E+03  0.         0.         0.         
 99  2  .927  4.378    3.929E-01   -8.936E+02  1.145E+04  1.094E+03 -3.692E+03  
 99  3  4.378 4.630    3.929E-01   -2.152E+02  7.720E+03  5.372E+04 -2.276E+04  
 99  4  4.630 5.259    3.929E-01   -2.914E+02  1.268E+04  6.828E+04 -3.620E+04  
 99  5  5.259 6.574    3.929E-01   -2.568E+02  1.341E+04  8.685E+04 -5.387E+04  
 99  6  6.574 6.977    3.929E-01   -2.104E+02  1.155E+04  1.107E+05 -7.279E+04  
 99  7  6.977 20.414   3.929E-01    1.088E+02  1.536E+03  2.458E+05 -6.005E+05  
 99  8  20.414 26.020   3.929E-01   -5.691E+01  9.660E+03  5.556E+05 -9.320E+05  
 99  9  26.020 26.900   3.929E-01   -9.167E+01  2.050E+04  6.520E+05 -1.784E+06  
 99 10  26.900 139.490  3.929E-01    9.687E-01  5.331E+03  1.646E+06 -1.518E+07  
 99 11 139.490 500.    3.929E-01    3.315E+01 -7.298E+03  1.587E+07 -8.866E+08  
 99 12  500.  100000.  3.929E-01    7.728E+00  1.675E+04  1.090E+07 -1.231E+09  
100  1   .01  .952     3.891E-01    1.460E+03  0.         0.         0.         
100  2  .952  4.498    3.891E-01   -1.082E+03  1.308E+04 -9.100E+02 -2.846E+03  
100  3  4.498 4.766    3.891E-01   -1.923E+02  6.709E+03  6.231E+04 -2.410E+04  
100  4  4.766 5.397    3.891E-01   -2.559E+02  1.024E+04  8.602E+04 -3.977E+04  
100  5  5.397 6.793    3.891E-01   -2.466E+02  1.276E+04  9.751E+04 -5.925E+04  
100  6  6.793 7.205    3.891E-01   -2.304E+02  1.518E+04  9.220E+04 -7.454E+04  
100  7  7.205 20.907   3.891E-01    8.675E+01  2.132E+03  2.568E+05 -6.538E+05  
100  8  20.907 26.810   3.891E-01   -5.793E+01  1.018E+04  5.793E+05 -1.018E+06  
100  9  26.810 27.700   3.891E-01   -8.637E+01  1.890E+04  7.445E+05 -1.949E+06  
100 10  27.700 143.090  3.891E-01    5.556E-01  5.648E+03  1.738E+06 -1.662E+07  
100 11 143.090 500.    3.891E-01    2.968E+01 -2.026E+03  1.484E+07 -7.825E+08  
100 12  500.  100000.  3.891E-01    8.135E+00  1.726E+04  1.171E+07 -1.346E+09  
