% 1d
% Abs Sample_Line_2021-06-22_004.hdf5   counter0 +  -1.35000
%  272
% Energy (eV)    sum:    0.00 to   15.50 um
       275.00000      0.0529741
       275.25000      0.0429114
       275.50000      0.0598242
       275.75000      0.0450170
       276.00000      0.0447661
       276.25000      0.0431226
       276.50000      0.0642563
       276.75000      0.0554434
       277.00000      0.0642141
       277.25000      0.0633045
       277.50000      0.0533807
       277.75000      0.0576888
       278.00000      0.0487357
       278.25000      0.0580535
       278.50000      0.0555903
       278.75000      0.0614030
       279.00000      0.0561113
       279.25000      0.0498034
       279.50000      0.0562797
       279.75000      0.0524671
       280.00000      0.0373661
       280.25000      0.0543034
       280.50000      0.0516761
       280.75000      0.0474728
       281.00000      0.0363436
       281.25000      0.0518547
       281.50000      0.0527938
       281.75000      0.0546586
       282.00000      0.0551810
       282.25000      0.0403951
       282.50000      0.0525417
       282.75000      0.0689574
       283.00000      0.0676499
       283.10000      0.0678154
       283.20000      0.0570449
       283.30000      0.0597299
       283.40000      0.0726756
       283.50000      0.0905033
       283.60000      0.0825242
       283.70000      0.0848799
       283.80000       0.124460
       283.90000       0.134513
       284.00000       0.143789
       284.10000       0.177166
       284.20000       0.276125
       284.30000       0.529712
       284.40000        1.16221
       284.50000        2.47695
       284.60000        3.65385
       284.70000        3.65824
       284.80000        3.45521
       284.90000        3.28412
       285.00000        2.71357
       285.10000        2.01091
       285.20000        1.42926
       285.30000       0.963101
       285.40000       0.665794
       285.50000       0.521007
       285.60000       0.411773
       285.70000       0.347630
       285.80000       0.262167
       285.90000       0.220741
       286.00000       0.201227
       286.10000       0.184558
       286.20000       0.202056
       286.30000       0.241316
       286.40000       0.359816
       286.50000       0.501370
       286.60000       0.727462
       286.70000       0.951033
       286.80000        1.11735
       286.90000        1.16532
       287.00000        1.15561
       287.10000        1.08901
       287.20000        1.05005
       287.30000        1.02102
       287.40000       0.988693
       287.50000       0.970078
       287.60000       0.975374
       287.70000        1.00418
       287.80000        1.02125
       287.90000        1.08279
       288.00000        1.20767
       288.10000        1.34618
       288.20000        1.50696
       288.30000        1.64517
       288.40000        1.67613
       288.50000        1.67562
       288.60000        1.60780
       288.70000        1.49496
       288.80000        1.42771
       288.90000        1.36029
       289.00000        1.31583
       289.10000        1.29082
       289.20000        1.28148
       289.30000        1.32814
       289.40000        1.37919
       289.50000        1.46072
       289.60000        1.58523
       289.70000        1.62404
       289.80000        1.64056
       289.90000        1.62261
       290.00000        1.64932
       290.10000        1.61961
       290.20000        1.62552
       290.30000        1.59998
       290.40000        1.59530
       290.50000        1.60686
       290.60000        1.62051
       290.70000        1.62477
       290.80000        1.59959
       290.90000        1.64307
       291.00000        1.65807
       291.10000        1.66903
       291.20000        1.72324
       291.30000        1.73488
       291.40000        1.77018
       291.50000        1.83399
       291.75000        1.86179
       292.00000        1.95341
       292.25000        2.02791
       292.50000        2.10213
       292.75000        2.15712
       293.00000        2.16627
       293.25000        2.14779
       293.50000        2.11483
       293.75000        2.07125
       294.00000        2.00511
       294.25000        1.97464
       294.50000        1.91757
       294.75000        1.87743
       295.00000        1.87431
       295.25000        1.84985
       295.50000        1.83390
       295.75000        1.82295
       296.00000        1.78577
       296.25000        1.79673
       296.50000        1.77465
       296.75000        1.76900
       297.00000        1.79260
       297.25000        1.79311
       297.50000        1.81110
       297.75000        1.78477
       298.00000        1.79231
       298.25000        1.80543
       298.50000        1.79141
       298.75000        1.80556
       299.00000        1.81559
       299.25000        1.82156
       299.50000        1.82450
       299.75000        1.79550
       300.00000        1.80839
       300.50000        1.81705
       301.00000        1.80206
       301.50000        1.78812
       302.00000        1.79966
       302.50000        1.75375
       303.00000        1.72055
       303.50000        1.68493
       304.00000        1.63508
       304.50000        1.57862
       305.00000        1.53487
       305.50000        1.49994
       306.00000        1.46570
       306.50000        1.41574
       307.00000        1.37647
       307.50000        1.33838
       308.00000        1.31760
       308.50000        1.27154
       309.00000        1.24658
       309.50000        1.23591
       310.00000        1.19709
       310.50000        1.18132
       311.00000        1.15256
       311.50000        1.11747
       312.00000        1.10530
       312.50000        1.11008
       313.00000        1.09996
       313.50000        1.07410
       314.00000        1.07738
       314.50000        1.06136
       315.00000        1.04814
       315.50000        1.03835
       316.00000        1.04104
       316.50000        1.03252
       317.00000        1.02801
       317.50000        1.02200
       318.00000        1.01794
       318.50000        1.02725
       319.00000        1.02224
       319.50000        1.00291
       320.00000        1.00003
       320.50000       0.994878
       321.00000       0.999485
       321.50000       0.985842
       322.00000       0.981686
       322.50000       0.978885
       323.00000       0.983208
       323.50000       0.983752
       324.00000       0.971015
       324.50000       0.976943
       325.00000       0.980415
       325.50000       0.964160
       326.00000       0.971616
       326.50000       0.970642
       327.00000       0.958359
       327.50000       0.939698
       328.00000       0.952397
       328.50000       0.937078
       329.00000       0.937110
       329.50000       0.931099
       330.00000       0.920878
       331.00000       0.916298
       332.00000       0.893757
       333.00000       0.880848
       334.00000       0.871902
       335.00000       0.854774
       336.00000       0.860100
       337.00000       0.844564
       338.00000       0.833387
       339.00000       0.832058
       340.00000       0.814765
       341.00000       0.814115
       342.00000       0.808011
       343.00000       0.807755
       344.00000       0.795386
       345.00000       0.790867
       346.00000       0.786761
       347.00000       0.789535
       348.00000       0.775066
       349.00000       0.781655
       350.00000       0.769353
       351.00000       0.764732
       352.00000       0.764695
       353.00000       0.761923
       354.00000       0.766914
       355.00000       0.750803
       356.00000       0.751056
       357.00000       0.739714
       358.00000       0.736527
       359.00000       0.740694
       360.00000       0.724665
       361.00000       0.732543
       362.00000       0.724683
       363.00000       0.717495
       364.00000       0.713291
       365.00000       0.707352
       366.00000       0.705307
       367.00000       0.710118
       368.00000       0.697136
       369.00000       0.700264
       370.00000       0.688308
       371.00000       0.693446
       372.00000       0.686373
       373.00000       0.684179
       374.00000       0.674336
       375.00000       0.675847
       376.00000       0.666824
       377.00000       0.660008
       378.00000       0.662233
       379.00000       0.649550
       380.00000       0.653960
       381.00000       0.646164
       382.00000       0.639440
       383.00000       0.639825
       384.00000       0.631910
       385.00000       0.630697
       386.00000       0.628065
       387.00000       0.627204
       388.00000       0.619110
       389.00000       0.617712
       390.00000       0.613694
