Energy	TEY
278	-0.0121943
278.25	-0.00784557
278.5	-0.00515443
278.75	-0.00452189
279	-0.00747119
279.25	-0.006667
279.5	-0.00533106
279.75	-0.00981772
280	0
280.25	-0.00239019
280.5	-0.00377763
280.75	-0.00773776
281	-0.00873103
281.25	-0.00535635
281.5	-0.00315667
281.75	-0.000806948
282	-0.0016117
282.25	-0.00155905
282.5	0.00221273
282.75	0.00886173
283	0.0125657
283.025	0.0050093
283.05	0.0140022
283.075	0.00286365
283.1	0.00516633
283.125	0.00999727
283.15	0.0122167
283.175	0.0192833
283.2	0.0098276
283.225	0.0116337
283.25	0.0133399
283.275	0.01638
283.3	0.0237922
283.325	0.021219
283.35	0.0163481
283.375	0.0215584
283.4	0.0266013
283.425	0.0239181
283.45	0.0202392
283.475	0.0254432
283.5	0.0392216
283.525	0.0326222
283.55	0.0339872
283.575	0.0315044
283.6	0.044182
283.625	0.0437882
283.65	0.0474795
283.675	0.0626801
283.7	0.0637679
283.725	0.0751854
283.75	0.083812
283.775	0.112105
283.8	0.139639
283.825	0.165492
283.85	0.169817
283.875	0.220145
283.9	0.24984
283.925	0.287608
283.95	0.334675
283.975	0.348585
284	0.377935
284.025	0.385385
284.05	0.392611
284.075	0.42111
284.1	0.419385
284.125	0.412751
284.15	0.409862
284.175	0.413835
284.2	0.412208
284.225	0.38961
284.25	0.376837
284.275	0.375232
284.3	0.360324
284.325	0.351907
284.35	0.331549
284.375	0.331085
284.4	0.336449
284.425	0.320407
284.45	0.319826
284.475	0.338422
284.5	0.320712
284.525	0.344904
284.55	0.329872
284.575	0.355125
284.6	0.388414
284.625	0.415714
284.65	0.47037
284.675	0.466204
284.7	0.494876
284.725	0.544374
284.75	0.557891
284.775	0.579896
284.8	0.63433
284.825	0.6794
284.85	0.691926
284.875	0.747093
284.9	0.787812
284.925	0.847023
284.95	0.910618
284.975	0.968261
285	1.05516
285.025	1.14306
285.05	1.23369
285.075	1.3136
285.1	1.44274
285.125	1.54769
285.15	1.62582
285.175	1.68347
285.2	1.80213
285.225	1.84769
285.25	1.91019
285.275	1.96705
285.3	2.03055
285.325	2.06346
285.35	2.11158
285.375	2.168
285.4	2.21
285.425	2.25061
285.45	2.26924
285.475	2.27639
285.5	2.27933
285.525	2.28987
285.55	2.2609
285.575	2.24743
285.6	2.18231
285.625	2.10313
285.65	2.03785
285.675	1.93216
285.7	1.85545
285.725	1.75351
285.75	1.67902
285.775	1.57498
285.8	1.45398
285.825	1.35203
285.85	1.28467
285.875	1.1946
285.9	1.09643
285.925	1.03155
285.95	0.950498
285.975	0.893001
286	0.857191
286.025	0.807248
286.05	0.784143
286.075	0.729964
286.1	0.696463
286.125	0.67125
286.15	0.650306
286.175	0.618239
286.2	0.609398
286.225	0.597375
286.25	0.583561
286.275	0.577722
286.3	0.582262
286.325	0.579727
286.35	0.599348
286.375	0.594508
286.4	0.602289
286.425	0.615964
286.45	0.636963
286.475	0.674125
286.5	0.710539
286.525	0.744257
286.55	0.806024
286.575	0.850706
286.6	0.88838
286.625	0.990681
286.65	1.04525
286.675	1.09621
286.7	1.15237
286.725	1.20905
286.75	1.23474
286.775	1.26313
286.8	1.27862
286.825	1.2824
286.85	1.30933
286.875	1.33342
286.9	1.34572
286.925	1.39491
286.95	1.42655
286.975	1.45331
287	1.46618
287.025	1.47545
287.05	1.50968
287.075	1.51639
287.1	1.51362
287.125	1.53462
287.15	1.55708
287.175	1.5703
287.2	1.58526
287.225	1.60154
287.25	1.62836
287.275	1.63397
287.3	1.63701
287.325	1.64786
287.35	1.65631
287.375	1.66553
287.4	1.69254
287.425	1.69957
287.45	1.71344
287.475	1.71554
287.5	1.71834
287.525	1.71444
287.55	1.72104
287.575	1.7398
287.6	1.74315
287.625	1.7525
287.65	1.76622
287.675	1.7821
287.7	1.78945
287.725	1.81777
287.75	1.82788
287.775	1.8605
287.8	1.86808
287.825	1.89199
287.85	1.90654
287.875	1.95178
287.9	1.96242
287.925	1.97285
287.95	2.00526
287.975	2.01798
288	2.04928
288.025	2.05995
288.05	2.07642
288.075	2.09631
288.1	2.11621
288.125	2.14474
288.15	2.14953
288.175	2.15194
288.2	2.18636
288.225	2.18762
288.25	2.20177
288.275	2.20494
288.3	2.22924
288.325	2.2344
288.35	2.24315
288.375	2.26758
288.4	2.27549
288.425	2.29542
288.45	2.33204
288.475	2.34664
288.5	2.34051
288.525	2.35354
288.55	2.36892
288.575	2.3762
288.6	2.39117
288.625	2.38031
288.65	2.39036
288.675	2.38368
288.7	2.38641
288.725	2.38177
288.75	2.36186
288.775	2.37419
288.8	2.35279
288.825	2.35299
288.85	2.3324
288.875	2.34148
288.9	2.32463
288.925	2.31012
288.95	2.30321
288.975	2.29614
289	2.2839
289.025	2.28572
289.05	2.27511
289.075	2.27618
289.1	2.27707
289.125	2.26161
289.15	2.25384
289.175	2.26161
289.2	2.24777
289.225	2.24127
289.25	2.24309
289.275	2.22397
289.3	2.21603
289.325	2.22405
289.35	2.21473
289.375	2.22043
289.4	2.19088
289.425	2.20308
289.45	2.19756
289.475	2.18956
289.5	2.17602
289.525	2.19488
289.55	2.19839
289.575	2.18629
289.6	2.16417
289.625	2.19492
289.65	2.16972
289.675	2.18569
289.7	2.19069
289.725	2.18506
289.75	2.19151
289.775	2.19589
289.8	2.19803
289.825	2.19702
289.85	2.21435
289.875	2.21758
289.9	2.22615
289.925	2.22195
289.95	2.2345
289.975	2.2331
290	2.24062
290.025	2.24542
290.05	2.25268
290.075	2.27678
290.1	2.28075
290.125	2.28022
290.15	2.30666
290.175	2.30614
290.2	2.32377
290.225	2.31499
290.25	2.33162
290.275	2.34294
290.3	2.35082
290.325	2.36402
290.35	2.37442
290.375	2.36928
290.4	2.37138
290.425	2.38814
290.45	2.39422
290.475	2.40825
290.5	2.40739
290.525	2.41665
290.55	2.413
290.575	2.42764
290.6	2.43426
290.625	2.43448
290.65	2.44704
290.675	2.45614
290.7	2.45989
290.725	2.4625
290.75	2.47263
290.775	2.46869
290.8	2.50657
290.825	2.49207
290.85	2.49706
290.875	2.49173
290.9	2.51557
290.925	2.51804
290.95	2.51853
290.975	2.52789
291	2.54242
291.025	2.5459
291.05	2.54324
291.075	2.56444
291.1	2.57674
291.125	2.56366
291.15	2.57728
291.175	2.587
291.2	2.59826
291.225	2.59655
291.25	2.59543
291.275	2.59681
291.3	2.62619
291.325	2.63514
291.35	2.63759
291.375	2.65061
291.4	2.64083
291.425	2.6585
291.45	2.65252
291.475	2.64647
291.5	2.66181
291.75	2.71627
292	2.79627
292.25	2.87851
292.5	2.90671
292.75	2.92216
293	2.95902
293.25	2.93036
293.5	2.93815
293.75	2.91298
294	2.89059
294.25	2.84575
294.5	2.81
294.75	2.78801
295	2.76773
295.25	2.75606
295.5	2.7296
295.75	2.7221
296	2.71221
296.25	2.69823
296.5	2.69187
296.75	2.68501
297	2.6584
297.25	2.66724
297.5	2.6503
297.75	2.62951
298	2.61937
298.25	2.62385
298.5	2.61189
298.75	2.5995
299	2.58171
299.25	2.57702
299.5	2.56215
299.75	2.55946
300	2.54064
300.5	2.52309
301	2.47193
301.5	2.45751
302	2.42481
302.5	2.37757
303	2.34118
303.5	2.30492
304	2.2543
304.5	2.19738
305	2.12512
305.5	2.07143
306	2.02011
306.5	1.96252
307	1.90753
307.5	1.86444
308	1.81432
308.5	1.79212
309	1.74507
309.5	1.7017
310	1.67386
310.5	1.64498
311	1.61174
311.5	1.58511
312	1.56456
312.5	1.54871
313	1.52993
313.5	1.50959
314	1.49724
314.5	1.47458
315	1.46708
315.5	1.45568
316	1.44085
316.5	1.42522
317	1.41802
317.5	1.40252
318	1.40577
318.5	1.3959
319	1.37637
319.5	1.37416
320	1.38131
320.5	1.37477
321	1.36378
321.5	1.35104
322	1.34416
322.5	1.34231
323	1.32594
323.5	1.33121
324	1.32233
324.5	1.31846
325	1.30902
325.5	1.31186
326	1.29572
326.5	1.28496
327	1.27211
327.5	1.2626
328	1.2704
328.5	1.26075
329	1.25197
329.5	1.22956
330	1.23435
332	1.19251
334	1.1629
336	1.12733
338	1.10143
340	1.08072
342	1.06175
344	1.03996
346	1.02281
348	1.01326
350	1
352	0.987653
354	0.971735
356	0.961795
358	0.948135
360	0.931346
362	0.928929
364	0.907704
366	0.895604
368	0.879515
370	0.859956
372	0.851721
374	0.838809
376	0.828447
378	0.807605
380	0.792891
382	0.77547
384	0.766423
386	0.755304
388	0.742846
