SSRL   EXAFS Data Collector 1.3       
Wed Jun 14 14:19:50 2006              
PTS:        450 COLS:          9
QX_4CH.DET                            
Q_260_470.RGN                         
10-1 unfocused  1.234 -6 Si(220) 0.534569        1                            
4 2000 25 RST 0 0                     
                                                                              
                                                                              
                                                                              
                                                                              
                                                                              
                                                                              

Weights: 
 1.000  1.000  1.000  1.000  1.000  1.000  1.000  1.000  1.000 
Offsets: 
 0.000  0.000  0.000  0.000  0.000  0.000  0.000  0.000  0.000 
Data: 
Real time clock   
Requested Energy  
Achieved Energy   
Io                
SC                
CMA               
CT                
scaled encoder    
encoder           

 0.500  260.000  1020.000  35860.000  11414.000  14435.000  28736.000  260.125  875054.000 
 0.500  260.468  1538.000  36043.000  11511.000  12228.000  28404.000  260.384  875313.000 
 0.500  260.935  2055.000  36194.000  11541.000  14743.000  28151.000  260.663  875592.000 
 0.500  261.403  2607.000  36385.000  11611.000  14112.000  28197.000  260.920  875847.000 
 0.500  261.871  3124.000  36582.000  11576.000  14240.000  28490.000  261.180  876106.000 
 0.500  262.339  3697.000  36812.000  11689.000  15389.000  28867.000  261.472  876395.000 
 0.500  262.806  4214.000  36964.000  11721.000  15214.000  28916.000  261.729  876650.000 
 0.500  263.274  4731.000  37131.000  11773.000  14586.000  28834.000  262.009  876926.000 
 0.500  263.742  5285.000  37333.000  11725.000  13031.000  28684.000  262.275  877188.000 
 0.500  264.209  5790.000  37516.000  11821.000  18042.000  28328.000  262.530  877439.000 
 0.500  264.677  6308.000  37679.000  11788.000  17320.000  27972.000  262.809  877713.000 
 0.500  265.145  6857.000  37830.000  11830.000  14656.000  27717.000  263.075  877974.000 
 0.500  265.612  7373.000  38008.000  11759.000  13907.000  27593.000  263.335  878228.000 
 0.500  266.080  7945.000  38211.000  11845.000  15127.000  27533.000  263.629  878515.000 
 0.500  266.548  8462.000  38348.000  11871.000  14911.000  27497.000  263.898  878777.000 
 0.500  267.016  8979.000  38494.000  11869.000  17413.000  27485.000  264.179  879050.000 
 0.500  267.483  9532.000  38653.000  11837.000  15980.000  27589.000  264.446  879309.000 
 0.500  267.951  10040.000  38760.000  11854.000  19525.000  27908.000  264.709  879564.000 
 0.500  268.419  10557.000  38840.000  11857.000  20285.000  28437.000  264.990  879835.000 
 0.500  268.886  11104.000  38820.000  11692.000  21463.000  30353.000  265.259  880094.000 
 0.500  269.354  11620.000  38766.000  11644.000  18848.000  33018.000  265.528  880353.000 
 0.500  269.822  12193.000  38855.000  11621.000  20539.000  33897.000  265.824  880638.000 
 0.500  270.290  12710.000  39000.000  11628.000  20031.000  33515.000  266.095  880897.000 
 0.500  270.757  13227.000  39162.000  11626.000  22039.000  33282.000  266.386  881176.000 
 0.500  271.225  13780.000  39318.000  11572.000  22698.000  33253.000  266.652  881430.000 
 0.500  271.693  14297.000  39500.000  11591.000  23249.000  33145.000  266.925  881690.000 
 0.500  272.160  14868.000  39678.000  11561.000  22717.000  32190.000  267.228  881978.000 
 0.500  272.628  15386.000  39856.000  11622.000  22574.000  30862.000  267.497  882233.000 
 0.500  273.096  15902.000  40020.000  11680.000  24915.000  29909.000  267.790  882510.000 
 0.500  273.563  16456.000  40171.000  11766.000  23756.000  29453.000  268.067  882772.000 
 0.500  274.031  16973.000  40298.000  11754.000  25716.000  29561.000  268.335  883025.000 
 0.500  274.499  17544.000  40390.000  11881.000  23433.000  29977.000  268.641  883313.000 
 0.500  274.967  18061.000  40527.000  11922.000  23711.000  30406.000  268.919  883574.000 
 0.500  275.434  18578.000  40643.000  11935.000  21945.000  30816.000  269.211  883847.000 
 0.500  275.902  19132.000  40798.000  11891.000  25589.000  31168.000  269.487  884106.000 
 0.500  276.370  19648.000  40905.000  11945.000  24500.000  31446.000  269.767  884367.000 
 0.500  276.837  20219.000  41101.000  11862.000  20467.000  31684.000  270.071  884650.000 
 0.500  277.305  20737.000  41308.000  11903.000  21720.000  31918.000  270.350  884909.000 
 0.500  277.773  21254.000  41510.000  11910.000  22669.000  32133.000  270.651  885189.000 
 0.500  278.241  21807.000  41691.000  11862.000  26825.000  32374.000  270.927  885444.000 
 0.500  278.708  22324.000  41860.000  11921.000  28367.000  32544.000  271.207  885703.000 
 0.500  279.176  22895.000  42051.000  11879.000  31707.000  32743.000  271.519  885990.000 
 0.500  279.644  23413.000  42239.000  11930.000  30582.000  32804.000  271.796  886245.000 
 0.500  280.111  23929.000  42444.000  11936.000  33654.000  32791.000  272.097  886521.000 
 0.500  280.579  24471.000  42663.000  12019.000  37370.000  32704.000  272.377  886778.000 
 0.500  281.047  24989.000  42812.000  12008.000  39910.000  32567.000  272.655  887032.000 
 0.500  281.514  25505.000  43022.000  11993.000  40493.000  32341.000  272.957  887308.000 
 0.500  281.982  26055.000  43215.000  11964.000  40393.000  32111.000  273.243  887568.000 
 0.500  282.450  26572.000  43462.000  12069.000  38801.000  31905.000  273.522  887822.000 
 0.500  282.918  27148.000  43647.000  12014.000  39329.000  31699.000  273.841  888111.000 
 0.500  283.385  27671.000  43847.000  12100.000  38707.000  31566.000  274.128  888371.000 
 0.500  283.853  28192.000  44030.000  12123.000  32440.000  31467.000  274.429  888642.000 
 0.500  284.321  28739.000  44249.000  12186.000  35862.000  31319.000  274.715  888900.000 
 0.500  284.788  29255.000  44447.000  12189.000  31747.000  31316.000  275.004  889160.000 
 0.500  285.256  29828.000  44666.000  12178.000  31789.000  31315.000  275.321  889444.000 
 0.500  285.724  30345.000  44820.000  12179.000  35092.000  31289.000  275.610  889703.000 
 0.500  286.192  30862.000  45037.000  12259.000  34586.000  31352.000  275.922  889982.000 
 0.500  286.659  31416.000  45188.000  12336.000  38090.000  31399.000  276.209  890238.000 
 0.500  287.127  31932.000  45365.000  12492.000  36597.000  31487.000  276.499  890496.000 
 0.500  287.595  32503.000  45565.000  12480.000  37860.000  31513.000  276.826  890786.000 
 0.500  288.062  33010.000  45770.000  12488.000  36251.000  31567.000  277.108  891036.000 
 0.500  288.530  33527.000  45935.000  12574.000  34386.000  31578.000  277.426  891317.000 
 0.500  288.998  34091.000  46114.000  12638.000  37335.000  31611.000  277.724  891580.000 
 0.500  289.465  34597.000  46259.000  12763.000  38042.000  31679.000  278.006  891829.000 
 0.500  289.933  35115.000  46425.000  12775.000  35365.000  31753.000  278.321  892105.000 
 0.500  290.401  35663.000  46575.000  12823.000  38318.000  31820.000  278.617  892365.000 
 0.500  290.869  36181.000  46725.000  12819.000  38924.000  31912.000  278.907  892619.000 
 0.500  291.336  36753.000  46925.000  12787.000  39402.000  31952.000  279.238  892908.000 
 0.500  291.804  37270.000  47016.000  12884.000  39445.000  31996.000  279.537  893168.000 
 0.500  292.272  37786.000  47156.000  12916.000  37541.000  32063.000  279.852  893442.000 
 0.500  292.739  38340.000  47285.000  12872.000  38625.000  32136.000  280.152  893702.000 
 0.500  293.207  38857.000  47357.000  12969.000  36682.000  32195.000  280.451  893961.000 
 0.500  293.675  39429.000  47415.000  12948.000  34125.000  32273.000  280.780  894245.000 
 0.500  294.143  39946.000  47469.000  12959.000  36913.000  32351.000  280.928  894373.000 
 0.500  294.610  40463.000  47520.000  13056.000  35159.000  32352.000  280.992  894428.000 
 0.500  295.078  41017.000  47489.000  13043.000  34392.000  32392.000  281.049  894477.000 
 0.500  295.546  41533.000  47476.000  13115.000  35238.000  32364.000  281.105  894526.000 
 0.500  296.013  42104.000  47531.000  12939.000  34271.000  32439.000  281.169  894581.000 
 0.500  296.481  42622.000  47533.000  13030.000  34403.000  32422.000  281.231  894634.000 
 0.500  296.949  43139.000  47541.000  13013.000  35905.000  32441.000  281.297  894691.000 
 0.500  297.416  43692.000  47547.000  13057.000  36349.000  32469.000  281.357  894742.000 
 0.500  297.884  44209.000  47542.000  12979.000  33854.000  32458.000  281.418  894795.000 
 0.500  298.352  44780.000  47524.000  13004.000  39216.000  32475.000  281.485  894852.000 
 0.500  298.820  45298.000  47529.000  13047.000  34725.000  32510.000  281.544  894903.000 
 0.500  299.287  45803.000  47453.000  13063.000  33607.000  32486.000  281.602  894953.000 
 0.500  299.755  46357.000  47489.000  12998.000  33539.000  32488.000  281.662  895004.000 
 0.500  300.223  46874.000  47513.000  13075.000  32671.000  32501.000  281.726  895059.000 
 0.500  300.690  47391.000  47493.000  13031.000  38814.000  32482.000  281.792  895116.000 
 0.500  301.158  47940.000  47492.000  13044.000  34769.000  32508.000  281.853  895168.000 
 0.500  301.626  48457.000  47467.000  13090.000  31608.000  32463.000  281.914  895220.000 
 0.500  302.094  49030.000  47444.000  13211.000  32739.000  32464.000  281.979  895276.000 
 0.500  302.561  49548.000  47431.000  13247.000  29857.000  32458.000  282.036  895325.000 
 0.500  303.029  50064.000  47424.000  13154.000  33769.000  32428.000  282.100  895379.000 
 0.500  303.497  50618.000  47395.000  13226.000  32500.000  32447.000  282.163  895433.000 
 0.500  303.964  51134.000  47399.000  13088.000  32862.000  32416.000  282.225  895486.000 
 0.500  304.432  51706.000  47331.000  13098.000  31997.000  32461.000  282.290  895542.000 
 0.500  304.900  52223.000  47312.000  13125.000  34053.000  32444.000  282.354  895596.000 
 0.500  305.367  52740.000  47270.000  13159.000  35855.000  32426.000  282.418  895651.000 
 0.500  305.835  53293.000  47255.000  13121.000  34169.000  32434.000  282.477  895701.000 
 0.500  306.303  53810.000  47176.000  13179.000  32506.000  32463.000  282.532  895748.000 
 0.500  306.771  54381.000  47136.000  13227.000  32689.000  32495.000  282.600  895806.000 
 0.500  307.238  54899.000  47040.000  13291.000  28644.000  32461.000  282.664  895861.000 
 0.500  307.706  55415.000  46984.000  13240.000  34706.000  32525.000  282.730  895917.000 
 0.500  308.174  55969.000  46913.000  13164.000  29746.000  32499.000  282.792  895970.000 
 0.500  308.641  56486.000  46863.000  13162.000  30557.000  32478.000  282.854  896022.000 
 0.500  309.109  57057.000  46726.000  13149.000  33001.000  32449.000  282.919  896078.000 
 0.500  309.577  57574.000  46611.000  13215.000  32587.000  32478.000  282.976  896126.000 
 0.500  310.045  58091.000  46544.000  13250.000  33212.000  32462.000  283.041  896181.000 
 0.500  310.512  58645.000  46411.000  13196.000  33195.000  32446.000  283.103  896234.000 
 0.500  310.980  59162.000  46242.000  13167.000  31817.000  32488.000  283.165  896287.000 
 0.500  311.448  59734.000  46079.000  13216.000  31010.000  32459.000  283.233  896344.000 
 0.500  311.915  60251.000  45890.000  13228.000  31706.000  32465.000  283.295  896397.000 
 0.500  312.383  60769.000  45732.000  13277.000  31227.000  32465.000  283.361  896453.000 
 0.500  312.851  61321.000  45505.000  13252.000  31345.000  32442.000  283.420  896503.000 
 0.500  313.318  61838.000  45307.000  13296.000  31064.000  32428.000  283.476  896550.000 
 0.500  313.786  62410.000  44986.000  13263.000  29727.000  32547.000  283.544  896608.000 
 0.500  314.254  62928.000  44784.000  13235.000  30053.000  32570.000  283.609  896663.000 
 0.500  314.722  63444.000  44433.000  13254.000  32186.000  32621.000  283.675  896719.000 
 0.500  315.189  63998.000  44110.000  13177.000  30670.000  32725.000  283.739  896773.000 
 0.500  315.657  64514.000  43736.000  13242.000  31331.000  32821.000  283.799  896824.000 
 0.500  316.125  65086.000  43342.000  13226.000  30504.000  32990.000  283.866  896880.000 
 0.500  316.592  65603.000  43006.000  13250.000  27587.000  33194.000  283.922  896928.000 
 0.500  317.060  66120.000  42650.000  13361.000  26585.000  33403.000  283.988  896983.000 
 0.500  317.528  66673.000  42252.000  13409.000  28399.000  33723.000  284.050  897036.000 
 0.500  317.996  67191.000  41859.000  13520.000  29533.000  34023.000  284.113  897089.000 
 0.500  318.463  67698.000  41514.000  13711.000  32895.000  34398.000  284.177  897143.000 
 0.500  318.931  68246.000  41106.000  13918.000  31480.000  34975.000  284.240  897196.000 
 0.500  319.399  68763.000  40808.000  14224.000  31334.000  35551.000  284.302  897248.000 
 0.500  319.866  69335.000  40520.000  14687.000  28878.000  36145.000  284.367  897303.000 
 0.500  320.334  69852.000  40292.000  15327.000  34382.000  36695.000  284.423  897350.000 
 0.500  320.802  70369.000  40064.000  16299.000  35367.000  37185.000  284.490  897406.000 
 0.500  321.270  70922.000  39945.000  18542.000  42344.000  37698.000  284.556  897462.000 
 0.500  321.737  71439.000  39832.000  23204.000  50008.000  38199.000  284.618  897514.000 
 0.500  322.205  72010.000  39818.000  35678.000  93380.000  38653.000  284.688  897573.000 
 0.500  322.673  72528.000  39858.000  55084.000  139501.000  39087.000  284.749  897624.000 
 0.500  323.140  73044.000  40022.000  76822.000  196892.000  39480.000  284.814  897679.000 
 0.500  323.608  73598.000  40192.000  98713.000  248651.000  39779.000  284.872  897727.000 
 0.500  324.076  74115.000  40496.000  115702.000  275842.000  39960.000  284.932  897778.000 
 0.500  324.543  74686.000  40816.000  124571.000  309567.000  39972.000  285.003  897837.000 
 0.500  325.011  75203.000  41136.000  119291.000  292521.000  39871.000  285.066  897890.000 
 0.500  325.479  75720.000  41530.000  109701.000  266492.000  39613.000  285.132  897945.000 
 0.500  325.947  76274.000  41996.000  98588.000  238539.000  39155.000  285.195  897998.000 
 0.500  326.414  76790.000  42449.000  87885.000  208241.000  38658.000  285.257  898050.000 
 0.500  326.882  77362.000  42945.000  77016.000  187417.000  38160.000  285.323  898105.000 
 0.500  327.350  77879.000  43334.000  69802.000  177058.000  37675.000  285.379  898152.000 
 0.500  327.817  78396.000  43750.000  63776.000  157129.000  37337.000  285.446  898208.000 
 0.500  328.285  78949.000  44222.000  57722.000  137272.000  36815.000  285.513  898264.000 
 0.500  328.753  79466.000  44609.000  51839.000  132722.000  36377.000  285.575  898316.000 
 0.500  329.220  80037.000  45041.000  44704.000  112890.000  36033.000  285.646  898375.000 
 0.500  329.688  80555.000  45350.000  38519.000  94666.000  35974.000  285.707  898426.000 
 0.500  330.156  81071.000  45643.000  33553.000  85589.000  35877.000  285.772  898480.000 
 0.500  330.624  81625.000  45884.000  29488.000  71352.000  35735.000  285.831  898529.000 
 0.500  331.091  82141.000  46113.000  26901.000  63792.000  35678.000  285.891  898579.000 
 0.500  331.559  82713.000  46304.000  24720.000  60748.000  35658.000  285.963  898639.000 
 0.500  332.027  83230.000  46440.000  23373.000  54804.000  35658.000  286.025  898691.000 
 0.500  332.494  83747.000  46650.000  22441.000  55303.000  35708.000  286.092  898747.000 
 0.500  332.962  84301.000  46737.000  21825.000  55919.000  35796.000  286.155  898799.000 
 0.500  333.430  84817.000  46869.000  21776.000  48779.000  35925.000  286.217  898851.000 
 0.500  333.898  85388.000  46919.000  22158.000  51245.000  36073.000  286.285  898907.000 
 0.500  334.365  85906.000  46999.000  23203.000  51197.000  36199.000  286.341  898954.000 
 0.500  334.833  86422.000  47053.000  24811.000  54140.000  36378.000  286.409  899010.000 
 0.500  335.301  86976.000  47109.000  27400.000  68306.000  36558.000  286.476  899066.000 
 0.500  335.768  87493.000  47209.000  30564.000  76203.000  36695.000  286.539  899118.000 
 0.500  336.236  88066.000  47320.000  34529.000  89545.000  36885.000  286.610  899177.000 
 0.500  336.704  88584.000  47379.000  38418.000  105096.000  37069.000  286.672  899228.000 
 0.500  337.171  89100.000  47427.000  42672.000  118123.000  37284.000  286.737  899282.000 
 0.500  337.639  89654.000  47433.000  47932.000  133927.000  37454.000  286.795  899330.000 
 0.500  338.107  90171.000  47383.000  53762.000  159058.000  37633.000  286.856  899381.000 
 0.500  338.575  90742.000  47359.000  61264.000  188449.000  37861.000  286.929  899441.000 
 0.500  339.042  91259.000  47286.000  69032.000  200733.000  38068.000  286.993  899494.000 
 0.500  339.510  91776.000  47246.000  76601.000  215232.000  38245.000  287.059  899549.000 
 0.500  339.978  92330.000  47184.000  83937.000  235603.000  38492.000  287.122  899601.000 
 0.500  340.445  92846.000  47135.000  89442.000  234183.000  38742.000  287.185  899653.000 
 0.500  340.913  93419.000  47074.000  93975.000  245461.000  38951.000  287.253  899709.000 
 0.500  341.381  93937.000  47022.000  97154.000  250597.000  39145.000  287.310  899756.000 
 0.500  341.849  94454.000  47041.000  99485.000  255918.000  39363.000  287.378  899812.000 
 0.500  342.316  94995.000  46984.000  101353.000  264861.000  39669.000  287.444  899867.000 
 0.500  342.784  95513.000  46961.000  102566.000  286991.000  40003.000  287.508  899919.000 
 0.500  343.252  96030.000  46940.000  103125.000  290949.000  40328.000  287.577  899976.000 
 0.500  343.719  96579.000  46934.000  103372.000  286699.000  40767.000  287.637  900026.000 
 0.500  344.187  97096.000  46926.000  103428.000  288723.000  41176.000  287.699  900077.000 
 0.500  344.655  97669.000  46922.000  103367.000  282358.000  41497.000  287.764  900130.000 
 0.500  345.122  98187.000  46971.000  103217.000  295146.000  41762.000  287.827  900182.000 
 0.500  345.590  98703.000  46969.000  102613.000  288539.000  42064.000  287.896  900239.000 
 0.500  346.058  99256.000  46962.000  101430.000  282094.000  42420.000  287.961  900292.000 
 0.500  346.526  99772.000  47005.000  99868.000  270800.000  42822.000  288.024  900344.000 
 0.500  346.993  100345.000  46991.000  97774.000  275549.000  43357.000  288.094  900401.000 
 0.500  347.461  100862.000  46961.000  96228.000  272801.000  43864.000  288.158  900454.000 
 0.500  347.929  101379.000  46892.000  94758.000  271118.000  44329.000  288.223  900507.000 
 0.500  348.396  101932.000  46847.000  93263.000  259254.000  44750.000  288.281  900555.000 
 0.500  348.864  102449.000  46803.000  92492.000  263301.000  45085.000  288.345  900607.000 
 0.500  349.332  103021.000  46806.000  92036.000  259091.000  45358.000  288.419  900668.000 
 0.500  349.800  103539.000  46826.000  92109.000  267033.000  45642.000  288.484  900721.000 
 0.500  350.267  104055.000  46902.000  92474.000  268770.000  45775.000  288.553  900778.000 
 0.500  350.735  104609.000  46960.000  93187.000  262930.000  45798.000  288.615  900828.000 
 0.500  351.203  105126.000  47032.000  94067.000  274764.000  45729.000  288.676  900878.000 
 0.500  351.670  105698.000  47083.000  94837.000  274633.000  45556.000  288.742  900932.000 
 0.500  352.138  106215.000  47167.000  95606.000  277427.000  45343.000  288.804  900983.000 
 0.500  352.606  106732.000  47234.000  96353.000  275248.000  45101.000  288.876  901042.000 
 0.500  353.073  107286.000  47257.000  97064.000  280502.000  44929.000  288.940  901094.000 
 0.500  353.541  107804.000  47250.000  97639.000  279088.000  44741.000  289.004  901146.000 
 0.500  354.009  108378.000  47254.000  97909.000  286057.000  44634.000  289.074  901203.000 
 0.500  354.477  108895.000  47250.000  98223.000  283180.000  44621.000  289.137  901255.000 
 0.500  354.944  109412.000  47213.000  98374.000  274296.000  44620.000  289.202  901308.000 
 0.500  355.412  109965.000  47206.000  98389.000  278404.000  44590.000  289.263  901357.000 
 0.500  355.880  110482.000  47197.000  98503.000  280051.000  44557.000  289.326  901409.000 
 0.500  356.347  111056.000  47167.000  98713.000  281484.000  44561.000  289.401  901470.000 
 0.500  356.815  111574.000  47111.000  99285.000  279989.000  44577.000  289.467  901523.000 
 0.500  357.283  112090.000  47096.000  99979.000  285062.000  44579.000  289.537  901580.000 
 0.500  357.751  112643.000  47054.000  101082.000  283054.000  44586.000  289.598  901630.000 
 0.500  358.218  113160.000  46991.000  102338.000  293790.000  44564.000  289.660  901680.000 
 0.500  358.686  113734.000  46888.000  103859.000  299815.000  44640.000  289.725  901733.000 
 0.500  359.154  114251.000  46854.000  105393.000  303441.000  44684.000  289.789  901785.000 
 0.500  359.621  114769.000  46812.000  107115.000  296027.000  44794.000  289.862  901844.000 
 0.500  360.089  115321.000  46721.000  108912.000  296758.000  44951.000  289.926  901896.000 
 0.500  360.557  115838.000  46713.000  110541.000  313062.000  45119.000  289.991  901949.000 
 0.500  361.025  116345.000  46641.000  112151.000  320194.000  45277.000  290.057  902002.000 
 0.500  361.492  116894.000  46612.000  113702.000  311458.000  45475.000  290.121  902054.000 
 0.500  361.960  117410.000  46595.000  115121.000  308270.000  45543.000  290.183  902104.000 
 0.500  362.428  117983.000  46557.000  116642.000  320688.000  45653.000  290.249  902158.000 
 0.500  362.895  118500.000  46502.000  118021.000  322887.000  45701.000  290.314  902210.000 
 0.500  363.363  119017.000  46449.000  119383.000  326115.000  45923.000  290.388  902270.000 
 0.500  363.831  119570.000  46432.000  121079.000  333002.000  45925.000  290.452  902322.000 
 0.500  364.298  120087.000  46402.000  122404.000  332776.000  46017.000  290.518  902375.000 
 0.500  364.766  120658.000  46368.000  123959.000  337614.000  46095.000  290.588  902432.000 
 0.500  365.234  121176.000  46364.000  125244.000  338067.000  46177.000  290.649  902481.000 
 0.500  365.702  121692.000  46377.000  126542.000  341049.000  46302.000  290.712  902532.000 
 0.500  366.169  122246.000  46375.000  127761.000  342588.000  46404.000  290.777  902584.000 
 0.500  366.637  122762.000  46346.000  129057.000  349038.000  46574.000  290.845  902639.000 
 0.500  367.105  123334.000  46322.000  130541.000  347184.000  46405.000  290.917  902697.000 
 0.500  367.572  123851.000  46300.000  131682.000  351882.000  46503.000  290.981  902749.000 
 0.500  368.040  124368.000  46355.000  132762.000  353534.000  46633.000  291.050  902804.000 
 0.500  368.508  124922.000  46313.000  133917.000  354870.000  46795.000  291.116  902857.000 
 0.500  368.975  125438.000  46307.000  134697.000  359988.000  46972.000  291.176  902906.000 
 0.500  369.443  126009.000  46229.000  135727.000  359677.000  47074.000  291.242  902959.000 
 0.500  369.911  126527.000  46239.000  136573.000  367515.000  47241.000  291.308  903012.000 
 0.500  370.379  127045.000  46285.000  137590.000  360773.000  47413.000  291.382  903071.000 
 0.500  370.846  127597.000  46382.000  138669.000  371944.000  47574.000  291.447  903123.000 
 0.500  371.314  128114.000  46433.000  139741.000  363351.000  47636.000  291.514  903177.000 
 0.500  371.782  128685.000  46550.000  140562.000  366848.000  47755.000  291.584  903233.000 
 0.500  372.249  129203.000  46637.000  141563.000  365174.000  47918.000  291.646  903283.000 
 0.500  372.717  129719.000  46744.000  142328.000  378808.000  48058.000  291.708  903333.000 
 0.500  373.185  130273.000  46813.000  143009.000  378067.000  48281.000  291.773  903385.000 
 0.500  373.653  130790.000  46937.000  143863.000  379529.000  48430.000  291.843  903441.000 
 0.500  374.120  131361.000  47090.000  144562.000  373254.000  48574.000  291.916  903499.000 
 0.500  374.588  131878.000  47228.000  145151.000  390258.000  48698.000  291.981  903551.000 
 0.500  375.056  132395.000  47320.000  145729.000  376816.000  48807.000  292.049  903606.000 
 0.500  375.523  132949.000  47428.000  146301.000  386082.000  48906.000  292.115  903658.000 
 0.500  375.991  133466.000  47501.000  146742.000  386906.000  49069.000  292.177  903708.000 
 0.500  376.459  134038.000  47611.000  147146.000  387387.000  49258.000  292.245  903762.000 
 0.500  376.927  134545.000  47722.000  147756.000  379761.000  49397.000  292.309  903813.000 
 0.500  377.394  135063.000  47832.000  148163.000  378184.000  49634.000  292.384  903873.000 
 0.500  377.862  135626.000  47986.000  148737.000  387771.000  49807.000  292.450  903926.000 
 0.500  378.330  136143.000  48150.000  149256.000  395727.000  50015.000  292.517  903979.000 
 0.500  378.797  136714.000  48222.000  149641.000  382421.000  50193.000  292.587  904035.000 
 0.500  379.265  137232.000  48421.000  150293.000  386431.000  50314.000  292.705  904129.000 
 0.500  379.733  137748.000  48662.000  151263.000  387426.000  50478.000  292.848  904243.000 
 0.500  380.200  138302.000  49001.000  152199.000  400278.000  50338.000  292.980  904348.000 
 0.500  380.668  138818.000  49236.000  152939.000  393655.000  50223.000  293.111  904452.000 
 0.500  381.136  139390.000  49558.000  153634.000  399019.000  50176.000  293.247  904560.000 
 0.500  381.604  139907.000  49750.000  154074.000  395218.000  50173.000  293.384  904668.000 
 0.500  382.071  140424.000  50111.000  154438.000  396290.000  50063.000  293.526  904781.000 
 0.500  382.539  140977.000  50354.000  154516.000  397056.000  49989.000  293.654  904882.000 
 0.500  383.007  141494.000  50597.000  154577.000  404618.000  49887.000  293.779  904981.000 
 0.500  383.474  142065.000  50861.000  154249.000  398039.000  49633.000  293.930  905100.000 
 0.500  383.942  142583.000  51131.000  153985.000  401428.000  49446.000  294.060  905203.000 
 0.500  384.410  143099.000  51308.000  153442.000  392212.000  49288.000  294.198  905312.000 
 0.500  384.878  143653.000  51538.000  152911.000  394553.000  49117.000  294.327  905413.000 
 0.500  385.345  144170.000  51735.000  152371.000  393470.000  49050.000  294.464  905521.000 
 0.500  385.813  144741.000  51959.000  151610.000  377315.000  48981.000  294.610  905636.000 
 0.500  386.281  145258.000  52116.000  151075.000  386546.000  48944.000  294.733  905733.000 
 0.500  386.748  145775.000  52312.000  150396.000  384678.000  48931.000  294.879  905847.000 
 0.500  387.216  146329.000  52514.000  149634.000  384172.000  48914.000  295.013  905952.000 
 0.500  387.684  146846.000  52677.000  149137.000  381966.000  48943.000  295.145  906056.000 
 0.500  388.151  147418.000  52893.000  148431.000  375187.000  48905.000  295.284  906165.000 
 0.500  388.619  147935.000  53062.000  147989.000  379354.000  48910.000  295.421  906272.000 
 0.500  389.087  148452.000  53257.000  147438.000  382703.000  48893.000  295.565  906384.000 
 0.500  389.555  149005.000  53442.000  147091.000  379876.000  48928.000  295.694  906485.000 
 0.500  390.022  149522.000  53630.000  146811.000  374512.000  48998.000  295.822  906585.000 
 0.500  390.490  150093.000  53844.000  146567.000  379156.000  49008.000  295.973  906703.000 
 0.500  390.958  150611.000  54032.000  146577.000  384733.000  49008.000  296.107  906807.000 
 0.500  391.425  151127.000  54195.000  146660.000  385608.000  49077.000  296.246  906915.000 
 0.500  391.893  151681.000  54447.000  146858.000  380307.000  49052.000  296.377  907017.000 
 0.500  392.361  152187.000  54642.000  147126.000  377761.000  49039.000  296.512  907122.000 
 0.500  392.829  152704.000  54853.000  147504.000  371825.000  49048.000  296.655  907233.000 
 0.500  393.296  153253.000  55033.000  148000.000  378918.000  49099.000  296.782  907331.000 
 0.500  393.764  153770.000  55219.000  148476.000  387069.000  49163.000  296.918  907437.000 
 0.500  394.232  154341.000  55414.000  148999.000  374276.000  49188.000  297.068  907553.000 
 0.500  394.699  154859.000  55607.000  149548.000  374140.000  49239.000  297.204  907658.000 
 0.500  395.167  155375.000  55782.000  149983.000  379302.000  49262.000  297.340  907763.000 
 0.500  395.635  155929.000  55975.000  150303.000  388041.000  49305.000  297.479  907870.000 
 0.500  396.102  156445.000  56213.000  150983.000  390015.000  49327.000  297.615  907975.000 
 0.500  396.570  157017.000  56438.000  151512.000  386822.000  49332.000  297.760  908087.000 
 0.500  397.038  157534.000  56610.000  151937.000  380012.000  49405.000  297.890  908187.000 
 0.500  397.506  158051.000  56829.000  152362.000  388826.000  49390.000  298.038  908301.000 
 0.500  397.973  158604.000  57122.000  152852.000  377913.000  49410.000  298.172  908404.000 
 0.500  398.441  159121.000  57263.000  153043.000  388063.000  49446.000  298.307  908507.000 
 0.500  398.909  159692.000  57437.000  153256.000  387793.000  49437.000  298.453  908619.000 
 0.500  399.376  160210.000  57628.000  153672.000  390326.000  49416.000  298.592  908726.000 
 0.500  399.844  160726.000  57818.000  153966.000  378026.000  49462.000  298.737  908837.000 
 0.500  400.312  161280.000  58069.000  154159.000  388744.000  49481.000  298.865  908935.000 
 0.500  400.780  161797.000  58213.000  154442.000  386563.000  49486.000  299.005  909042.000 
 0.500  401.247  162368.000  58427.000  154763.000  393301.000  49479.000  299.159  909159.000 
 0.500  401.715  162885.000  58625.000  155048.000  388993.000  49504.000  299.292  909261.000 
 0.500  402.183  163402.000  58811.000  155241.000  392306.000  49480.000  299.433  909368.000 
 0.500  402.650  163956.000  59009.000  155492.000  391108.000  49498.000  299.572  909474.000 
 0.500  403.118  164472.000  59226.000  155914.000  400123.000  49461.000  299.711  909580.000 
 0.500  403.586  165044.000  59465.000  156101.000  397585.000  49469.000  299.857  909691.000 
 0.500  404.053  165561.000  59704.000  156442.000  391284.000  49466.000  300.039  909829.000 
 0.500  404.521  166077.000  60067.000  156819.000  397652.000  49362.000  300.405  910106.000 
 0.500  404.989  166632.000  60640.000  157532.000  397784.000  49290.000  300.751  910368.000 
 0.500  405.457  167148.000  61125.000  158064.000  402675.000  49212.000  301.089  910623.000 
 0.500  405.924  167719.000  61756.000  158428.000  394280.000  49089.000  301.471  910910.000 
 0.500  406.392  168237.000  62309.000  158981.000  394727.000  48932.000  301.821  911173.000 
 0.500  406.860  168754.000  62847.000  159511.000  395483.000  48800.000  302.188  911448.000 
 0.500  407.327  169307.000  63488.000  159980.000  396374.000  48650.000  302.532  911705.000 
 0.500  407.795  169824.000  64020.000  160269.000  403331.000  48538.000  302.882  911966.000 
 0.500  408.263  170330.000  64654.000  160507.000  390675.000  48346.000  303.239  912232.000 
 0.500  408.730  170879.000  65235.000  160391.000  391669.000  48131.000  303.588  912491.000 
 0.500  409.198  171396.000  65859.000  160175.000  386294.000  47933.000  303.939  912751.000 
 0.500  409.666  171967.000  66465.000  159579.000  385813.000  47715.000  304.322  913034.000 
 0.500  410.134  172485.000  67127.000  159061.000  391710.000  47498.000  304.672  913292.000 
 0.500  410.601  173001.000  67668.000  158511.000  388851.000  47309.000  305.054  913573.000 
 0.500  411.069  173555.000  68355.000  157562.000  387005.000  47100.000  305.398  913826.000 
 0.500  411.537  174072.000  68982.000  156571.000  376172.000  46924.000  305.755  914087.000 
 0.500  412.004  174646.000  69653.000  155354.000  377845.000  46689.000  306.151  914376.000 
 0.500  412.472  175163.000  70299.000  154443.000  384595.000  46553.000  306.500  914631.000 
 0.500  412.940  175680.000  70954.000  153489.000  373387.000  46362.000  306.880  914907.000 
 0.500  413.408  176233.000  71661.000  152545.000  374951.000  46139.000  307.240  915168.000 
 0.500  413.875  176750.000  72303.000  151831.000  363934.000  45979.000  307.589  915421.000 
 0.500  414.343  177322.000  72987.000  151060.000  364514.000  45842.000  307.988  915709.000 
 0.500  414.811  177839.000  73632.000  150420.000  376553.000  45765.000  308.350  915970.000 
 0.500  415.278  178356.000  74312.000  149923.000  365731.000  45655.000  308.732  916244.000 
 0.500  415.746  178909.000  74960.000  149290.000  363431.000  45566.000  309.092  916502.000 
 0.500  416.214  179426.000  75560.000  148896.000  360962.000  45560.000  309.455  916762.000 
 0.500  416.682  179998.000  76222.000  148475.000  357079.000  45480.000  309.854  917047.000 
 0.500  417.149  180515.000  76796.000  148136.000  356073.000  45468.000  310.215  917304.000 
 0.500  417.617  181032.000  77352.000  147869.000  364224.000  45376.000  310.608  917583.000 
 0.500  418.085  181586.000  77786.000  147638.000  360042.000  45378.000  310.971  917840.000 
 0.500  418.552  182093.000  78369.000  147475.000  361588.000  45419.000  311.329  918093.000 
 0.500  419.020  182610.000  78972.000  147441.000  368891.000  45293.000  311.720  918369.000 
 0.500  419.488  183158.000  79474.000  147457.000  351478.000  45272.000  312.081  918623.000 
 0.500  419.955  183674.000  79919.000  147346.000  353545.000  45236.000  312.451  918883.000 
 0.500  420.423  184248.000  80483.000  147342.000  355829.000  45200.000  312.864  919172.000 
 0.500  420.891  184764.000  80983.000  147543.000  360104.000  45171.000  313.227  919426.000 
 0.500  421.359  185281.000  81408.000  147550.000  361013.000  45226.000  313.626  919704.000 
 0.500  421.826  185835.000  81801.000  147702.000  360556.000  45172.000  314.001  919965.000 
 0.500  422.294  186351.000  82271.000  147946.000  358946.000  45148.000  314.366  920218.000 
 0.500  422.762  186923.000  82763.000  148063.000  364355.000  45170.000  314.782  920506.000 
 0.500  423.229  187440.000  83175.000  148268.000  367313.000  45158.000  315.160  920767.000 
 0.500  423.697  187957.000  83641.000  148526.000  356073.000  45128.000  315.558  921041.000 
 0.500  424.165  188510.000  84143.000  148931.000  364824.000  45180.000  315.934  921299.000 
 0.500  424.633  189027.000  84553.000  149263.000  354895.000  45208.000  316.314  921560.000 
 0.500  425.100  189598.000  85016.000  149577.000  360563.000  45198.000  316.730  921844.000 
 0.500  425.568  190116.000  85492.000  150045.000  369952.000  45231.000  317.106  922101.000 
 0.500  426.036  190632.000  85903.000  150448.000  359575.000  45242.000  317.518  922381.000 
 0.500  426.503  191186.000  86329.000  150823.000  366407.000  45296.000  317.895  922637.000 
 0.500  426.971  191703.000  86762.000  151374.000  360506.000  45339.000  318.274  922894.000 
 0.500  427.439  192274.000  87207.000  151724.000  369318.000  45417.000  318.702  923183.000 
 0.500  427.906  192791.000  87602.000  152166.000  367358.000  45557.000  319.082  923439.000 
 0.500  428.374  193308.000  88012.000  152587.000  372472.000  46346.000  319.489  923713.000 
 0.500  428.842  193862.000  88396.000  153169.000  368795.000  49180.000  319.881  923976.000 
 0.500  429.310  194378.000  88854.000  153598.000  373222.000  51234.000  320.262  924231.000 
 0.500  429.777  194949.000  89359.000  154102.000  375813.000  48233.000  320.689  924516.000 
 0.500  430.245  195467.000  89791.000  154668.000  367701.000  47068.000  321.084  924779.000 
 0.500  430.713  195983.000  90154.000  155099.000  360699.000  46280.000  321.497  925053.000 
 0.500  431.180  196537.000  90657.000  155686.000  374093.000  46534.000  321.884  925310.000 
 0.500  431.648  197054.000  91080.000  156159.000  355328.000  46271.000  322.281  925572.000 
 0.500  432.116  197625.000  91562.000  156694.000  369269.000  45991.000  322.710  925855.000 
 0.500  432.584  198143.000  91999.000  157226.000  372862.000  45921.000  323.100  926112.000 
 0.500  433.051  198659.000  92437.000  157676.000  379023.000  45844.000  323.527  926392.000 
 0.500  433.519  199213.000  92956.000  158257.000  364639.000  45823.000  323.918  926648.000 
 0.500  433.987  199729.000  93378.000  158763.000  377085.000  45901.000  324.312  926905.000 
 0.500  434.454  200301.000  93858.000  159335.000  372963.000  46053.000  324.754  927193.000 
 0.500  434.922  200818.000  94376.000  159958.000  375173.000  46761.000  325.151  927451.000 
 0.500  435.390  201335.000  94866.000  160424.000  379058.000  46793.000  325.572  927724.000 
 0.500  435.857  201888.000  95485.000  161026.000  372426.000  46916.000  326.182  928118.000 
 0.500  436.325  202405.000  96466.000  162110.000  380495.000  46506.000  326.988  928637.000 
 0.500  436.793  202976.000  97649.000  163059.000  379553.000  46160.000  327.883  929210.000 
 0.500  437.261  203494.000  98899.000  164043.000  370233.000  46142.000  328.692  929725.000 
 0.500  437.728  204010.000  100050.000  164845.000  375854.000  46158.000  329.569  930281.000 
 0.500  438.196  204564.000  101290.000  165704.000  377434.000  46077.000  330.389  930798.000 
 0.500  438.664  205081.000  102402.000  166189.000  372549.000  46104.000  331.209  931313.000 
 0.500  439.131  205653.000  103761.000  166856.000  378401.000  46062.000  332.128  931887.000 
 0.500  439.599  206171.000  104942.000  167396.000  373379.000  46044.000  332.959  932403.000 
 0.500  440.067  206687.000  106070.000  167742.000  393680.000  45993.000  333.845  932951.000 
 0.500  440.535  207241.000  107506.000  168330.000  382668.000  45984.000  334.694  933473.000 
 0.500  441.002  207757.000  108817.000  169042.000  384961.000  45971.000  335.541  933991.000 
 0.500  441.470  208329.000  110375.000  169923.000  380724.000  45960.000  336.470  934557.000 
 0.500  441.938  208846.000  111677.000  170807.000  381672.000  45986.000  337.330  935078.000 
 0.500  442.405  209352.000  112884.000  171584.000  383520.000  45944.000  338.248  935631.000 
 0.500  442.873  209916.000  114094.000  172286.000  394941.000  45929.000  339.102  936143.000 
 0.500  443.341  210433.000  115251.000  173138.000  390241.000  45922.000  339.974  936663.000 
 0.500  443.808  211004.000  116532.000  173902.000  390261.000  45927.000  340.938  937235.000 
 0.500  444.276  211522.000  117759.000  174675.000  384071.000  45944.000  341.803  937746.000 
 0.500  444.744  212038.000  118975.000  175432.000  392244.000  46030.000  342.755  938305.000 
 0.500  445.212  212592.000  120557.000  176634.000  400240.000  46006.000  343.635  938819.000 
 0.500  445.679  213109.000  122080.000  177682.000  392250.000  46071.000  344.517  939332.000 
 0.500  446.147  213680.000  123966.000  179272.000  388065.000  46155.000  345.518  939911.000 
 0.500  446.615  214197.000  125703.000  180877.000  393207.000  46245.000  346.412  940425.000 
 0.500  447.082  214714.000  127534.000  182541.000  397224.000  46350.000  347.373  940975.000 
 0.500  447.550  215268.000  129411.000  184516.000  402246.000  46470.000  348.291  941497.000 
 0.500  448.018  215784.000  131155.000  186460.000  408498.000  46656.000  349.198  942011.000 
 0.500  448.486  216356.000  133050.000  188184.000  413098.000  46713.000  350.207  942579.000 
 0.500  448.953  216873.000  134345.000  189808.000  416539.000  46810.000  351.137  943100.000 
 0.500  449.421  217390.000  135182.000  191112.000  412306.000  46815.000  352.125  943651.000 
 0.500  449.889  217943.000  136804.000  192750.000  413970.000  47367.000  353.047  944162.000 
 0.500  450.356  218460.000  138291.000  194251.000  414627.000  52949.000  353.996  944685.000 
 0.500  450.824  219031.000  140153.000  196293.000  414122.000  50960.000  355.041  945258.000 
 0.500  451.292  219549.000  141765.000  197897.000  420216.000  48936.000  355.981  945771.000 
 0.500  451.759  220065.000  143222.000  199482.000  429884.000  48059.000  357.011  946330.000 
 0.500  452.227  220619.000  144776.000  200915.000  427374.000  47802.000  357.970  946847.000 
 0.500  452.695  221135.000  146275.000  202478.000  421608.000  47772.000  358.922  947358.000 
 0.500  453.163  221707.000  148086.000  204057.000  427352.000  48881.000  360.040  947955.000 
 0.500  453.630  222224.000  150098.000  206018.000  426868.000  49512.000  361.461  948708.000 
 0.500  454.098  222730.000  153160.000  208681.000  433352.000  48325.000  363.485  949771.000 
 0.500  454.566  223295.000  157261.000  212105.000  432473.000  48085.000  365.488  950812.000 
 0.500  455.033  223811.000  161359.000  215433.000  443673.000  48154.000  367.506  951849.000 
 0.500  455.501  224382.000  166242.000  219372.000  443824.000  48109.000  369.757  952993.000 
 0.500  455.969  224901.000  170835.000  223185.000  450314.000  48112.000  371.823  954031.000 
 0.500  456.437  225418.000  175309.000  226878.000  453100.000  48233.000  374.043  955134.000 
 0.500  456.904  225969.000  180153.000  230952.000  462579.000  48035.000  376.138  956163.000 
 0.500  457.372  226486.000  184195.000  234427.000  467536.000  48025.000  378.276  957202.000 
 0.500  457.840  227057.000  188540.000  237584.000  468149.000  48069.000  380.658  958346.000 
 0.500  458.307  227575.000  192422.000  240148.000  471857.000  48035.000  382.828  959376.000 
 0.500  458.775  228091.000  196568.000  242758.000  469415.000  48100.000  385.194  960486.000 
 0.500  459.243  228645.000  201441.000  245752.000  473296.000  48182.000  387.430  961523.000 
 0.500  459.710  229162.000  206101.000  248629.000  478950.000  49899.000  389.665  962548.000 
 0.500  460.178  229733.000  210748.000  251425.000  477534.000  49418.000  392.197  963695.000 
 0.500  460.646  230250.000  214964.000  253846.000  476052.000  48962.000  394.507  964729.000 
 0.500  461.114  230767.000  217704.000  254542.000  480166.000  49160.000  397.007  965835.000 
 0.500  461.581  231321.000  212578.000  245095.000  467028.000  49348.000  399.379  966872.000 
 0.500  462.049  231837.000  187897.000  211481.000  406468.000  49074.000  401.778  967908.000 
 0.500  462.517  232408.000  169801.000  186080.000  352086.000  48907.000  404.924  969249.000 
 0.500  462.984  232926.000  179141.000  193601.000  371240.000  49115.000  408.489  970744.000 
 0.500  463.452  233443.000  204937.000  218908.000  406145.000  49247.000  413.100  972640.000 
 0.500  463.920  233996.000  217003.000  225963.000  416274.000  48766.000  418.133  974663.000 
 0.500  464.388  234513.000  221063.000  224019.000  413291.000  48298.000  423.394  976727.000 
 0.500  464.855  235084.000  235075.000  232191.000  407714.000  48715.000  429.371  979012.000 
 0.500  465.323  235602.000  249371.000  241128.000  425955.000  48501.000  434.933  981083.000 
 0.500  465.791  236118.000  261098.000  247933.000  428031.000  48133.000  441.032  983295.000 
 0.500  466.258  236672.000  269699.000  252125.000  442651.000  46629.000  446.833  985344.000 
 0.500  466.726  237188.000  270562.000  247024.000  430462.000  45747.000  452.286  987223.000 
 0.500  467.194  237760.000  51558.000  34957.000  66673.000  64851.000  457.520  988985.000 
 0.500  467.661  238277.000  25390.000  11153.000  19061.000  138078.000  461.504  990300.000 
 0.500  468.129  238794.000  23721.000  10206.000  16703.000  179788.000  464.917  991409.000 
 0.500  468.597  239347.000  24424.000  11103.000  17987.000  119979.000  467.304  992175.000 
 0.500  469.065  239864.000  25507.000  12175.000  19859.000  79723.000  468.894  992681.000 
 0.500  469.532  240436.000  27014.000  13688.000  21729.000  76898.000  469.689  992933.000 
 0.500  470.000  240954.000  27625.000  14260.000  24455.000  75956.000  469.781  992962.000 