278	0.00996108
278.25	0.0038898
278.5	0.00360286
278.75	0.00745485
279	0.00411524
279.25	0.000534515
279.5	0.00467835
279.75	0.0043401
280	0
280.25	0.00626069
280.5	0.0010407
280.75	0.00714325
281	-1.55287e-006
281.25	0.010055
281.5	0.00875778
281.75	0.00567789
282	0.00260171
282.25	0.00575766
282.5	0.0146529
282.75	0.0197863
283	0.0168524
283.025	0.0201295
283.05	0.0150866
283.075	0.01769
283.1	0.0227811
283.125	0.016816
283.15	0.0248693
283.175	0.0269547
283.2	0.0271224
283.225	0.0342015
283.25	0.0381101
283.275	0.0387811
283.3	0.035291
283.325	0.0415319
283.35	0.0400294
283.375	0.0422832
283.4	0.0414237
283.425	0.051549
283.45	0.0597714
283.475	0.0620985
283.5	0.0672483
283.525	0.0777443
283.55	0.0893332
283.575	0.0904335
283.6	0.102738
283.625	0.116101
283.65	0.129818
283.675	0.147421
283.7	0.163053
283.725	0.170341
283.75	0.190685
283.775	0.203317
283.8	0.219455
283.825	0.230887
283.85	0.243673
283.875	0.25601
283.9	0.26032
283.925	0.274302
283.95	0.297029
283.975	0.306222
284	0.326989
284.025	0.353276
284.05	0.361768
284.075	0.403914
284.1	0.431902
284.125	0.471172
284.15	0.504388
284.175	0.561986
284.2	0.595516
284.225	0.65412
284.25	0.721395
284.275	0.767911
284.3	0.801757
284.325	0.836548
284.35	0.864282
284.375	0.888167
284.4	0.911867
284.425	0.905458
284.45	0.90976
284.475	0.928518
284.5	0.884484
284.525	0.892561
284.55	0.88199
284.575	0.891404
284.6	0.879825
284.625	0.878386
284.65	0.907343
284.675	0.915966
284.7	0.932013
284.725	0.938508
284.75	0.985837
284.775	1.02255
284.8	1.0461
284.825	1.13858
284.85	1.21698
284.875	1.26413
284.9	1.38783
284.925	1.50544
284.95	1.62539
284.975	1.77065
285	1.95063
285.025	2.1628
285.05	2.35113
285.075	2.49333
285.1	2.67449
285.125	2.82733
285.15	2.90694
285.175	3.00408
285.2	3.02347
285.225	3.05528
285.25	3.06526
285.275	3.06674
285.3	3.087
285.325	3.12002
285.35	3.15297
285.375	3.19786
285.4	3.23674
285.425	3.25609
285.45	3.29603
285.475	3.30185
285.5	3.28727
285.525	3.27907
285.55	3.2499
285.575	3.18067
285.6	3.11414
285.625	3.04089
285.65	2.96429
285.675	2.87495
285.7	2.79536
285.725	2.68807
285.75	2.60176
285.775	2.47665
285.8	2.37215
285.825	2.29778
285.85	2.20255
285.875	2.08525
285.9	1.99211
285.925	1.88407
285.95	1.76828
285.975	1.67284
286	1.61092
286.025	1.50157
286.05	1.43028
286.075	1.34355
286.1	1.2696
286.125	1.20454
286.15	1.16269
286.175	1.10901
286.2	1.05924
286.225	1.01672
286.25	0.976183
286.275	0.95126
286.3	0.913662
286.325	0.906522
286.35	0.871975
286.375	0.859468
286.4	0.844399
286.425	0.837267
286.45	0.81801
286.475	0.798478
286.5	0.792985
286.525	0.792076
286.55	0.794723
286.575	0.802595
286.6	0.798394
286.625	0.791675
286.65	0.777208
286.675	0.781844
286.7	0.781672
286.725	0.776432
286.75	0.79127
286.775	0.791183
286.8	0.798997
286.825	0.796963
286.85	0.809595
286.875	0.817685
286.9	0.820462
286.925	0.829817
286.95	0.851907
286.975	0.871765
287	0.8691
287.025	0.892426
287.05	0.922816
287.075	0.944297
287.1	0.97987
287.125	1.00139
287.15	1.03192
287.175	1.06761
287.2	1.08983
287.225	1.12253
287.25	1.15993
287.275	1.20268
287.3	1.23481
287.325	1.25607
287.35	1.2837
287.375	1.32873
287.4	1.35455
287.425	1.38016
287.45	1.40208
287.475	1.41393
287.5	1.45572
287.525	1.46757
287.55	1.49048
287.575	1.50181
287.6	1.51731
287.625	1.53008
287.65	1.53745
287.675	1.54628
287.7	1.56125
287.725	1.56761
287.75	1.58586
287.775	1.59554
287.8	1.60027
287.825	1.60426
287.85	1.62258
287.875	1.62691
287.9	1.63043
287.925	1.6464
287.95	1.65287
287.975	1.6454
288	1.66611
288.025	1.66385
288.05	1.66656
288.075	1.66513
288.1	1.66838
288.125	1.67489
288.15	1.69003
288.175	1.69766
288.2	1.70321
288.225	1.68998
288.25	1.7111
288.275	1.72109
288.3	1.72068
288.325	1.73331
288.35	1.74613
288.375	1.75745
288.4	1.78516
288.425	1.80388
288.45	1.81006
288.475	1.83978
288.5	1.85856
288.525	1.8808
288.55	1.90024
288.575	1.93307
288.6	1.93347
288.625	1.97126
288.65	1.9756
288.675	1.98947
288.7	1.99949
288.725	2.02687
288.75	2.03015
288.775	2.0421
288.8	2.04353
288.825	2.06015
288.85	2.06576
288.875	2.06547
288.9	2.06528
288.925	2.07596
288.95	2.06756
288.975	2.06006
289	2.07429
289.025	2.06108
289.05	2.0818
289.075	2.06194
289.1	2.05605
289.125	2.0425
289.15	2.05183
289.175	2.04748
289.2	2.02585
289.225	2.0291
289.25	2.01482
289.275	2.00049
289.3	1.98782
289.325	1.98602
289.35	1.98958
289.375	1.96601
289.4	1.96503
289.425	1.95037
289.45	1.9359
289.475	1.9316
289.5	1.9225
289.525	1.92306
289.55	1.90736
289.575	1.91145
289.6	1.90507
289.625	1.89843
289.65	1.89512
289.675	1.88231
289.7	1.89552
289.725	1.89195
289.75	1.89254
289.775	1.88665
289.8	1.88724
289.825	1.89986
289.85	1.88982
289.875	1.90979
289.9	1.89048
289.925	1.90447
289.95	1.90984
289.975	1.91796
290	1.93021
290.025	1.919
290.05	1.92835
290.075	1.95616
290.1	1.94597
290.125	1.95124
290.15	1.97344
290.175	1.98695
290.2	1.99319
290.225	1.99924
290.25	1.99487
290.275	2.01588
290.3	2.0383
290.325	2.04317
290.35	2.04715
290.375	2.06498
290.4	2.06703
290.425	2.07841
290.45	2.08833
290.475	2.09178
290.5	2.11066
290.525	2.1205
290.55	2.11644
290.575	2.13698
290.6	2.1393
290.625	2.13931
290.65	2.16597
290.675	2.154
290.7	2.16429
290.725	2.17069
290.75	2.18951
290.775	2.1953
290.8	2.19665
290.825	2.21405
290.85	2.22826
290.875	2.23101
290.9	2.23827
290.925	2.238
290.95	2.25919
290.975	2.25887
291	2.26923
291.025	2.28712
291.05	2.27496
291.075	2.28417
291.1	2.29062
291.125	2.30519
291.15	2.31886
291.175	2.3133
291.2	2.32169
291.225	2.33352
291.25	2.34055
291.275	2.35268
291.3	2.34919
291.325	2.36269
291.35	2.37697
291.375	2.37767
291.4	2.38764
291.425	2.40345
291.45	2.40584
291.475	2.40871
291.5	2.40391
291.75	2.46867
292	2.53067
292.25	2.58127
292.5	2.6403
292.75	2.69563
293	2.77335
293.25	2.83439
293.5	2.85395
293.75	2.87077
294	2.85579
294.25	2.83829
294.5	2.8045
294.75	2.81082
295	2.78427
295.25	2.78239
295.5	2.7561
295.75	2.75038
296	2.73023
296.25	2.7291
296.5	2.69851
296.75	2.69457
297	2.70271
297.25	2.66948
297.5	2.67943
297.75	2.65502
298	2.66298
298.25	2.67267
298.5	2.67043
298.75	2.65263
299	2.65298
299.25	2.64696
299.5	2.64404
299.75	2.65816
300	2.65317
300.5	2.6456
301	2.64994
301.5	2.6243
302	2.60402
302.5	2.58285
303	2.55559
303.5	2.48634
304	2.42812
304.5	2.36971
305	2.2972
305.5	2.25381
306	2.15107
306.5	2.08914
307	2.02317
307.5	1.95415
308	1.90397
308.5	1.84677
309	1.8028
309.5	1.76158
310	1.71918
310.5	1.6831
311	1.64461
311.5	1.62172
312	1.60042
312.5	1.57352
313	1.55601
313.5	1.53697
314	1.51527
314.5	1.50193
315	1.48835
315.5	1.47311
316	1.45823
316.5	1.44571
317	1.43126
317.5	1.42025
318	1.41013
318.5	1.40057
319	1.39866
319.5	1.38749
320	1.39521
320.5	1.37568
321	1.3727
321.5	1.37728
322	1.35976
322.5	1.3685
323	1.34966
323.5	1.34732
324	1.34897
324.5	1.3391
325	1.33884
325.5	1.33065
326	1.32264
326.5	1.32537
327	1.31185
327.5	1.30661
328	1.30431
328.5	1.28911
329	1.28444
329.5	1.27014
330	1.25385
332	1.2281
334	1.19186
336	1.15453
338	1.12436
340	1.09592
342	1.08655
344	1.04692
346	1.03688
348	1.0182
350	1
352	0.991725
354	0.989547
356	0.975592
358	0.957518
360	0.946044
362	0.939025
364	0.932917
366	0.923593
368	0.915189
370	0.890824
372	0.877833
374	0.866486
376	0.853705
378	0.84202
380	0.826526
382	0.808121
384	0.803804
386	0.787646
388	0.771159
