278	-0.00713661
278.25	-0.0104602
278.5	-0.0104131
278.75	-0.0117029
279	-0.00664377
279.25	-0.00266802
279.5	-0.000572365
279.75	-0.00305732
280	0
280.25	0.010615
280.5	0.00791129
280.75	0.00719111
281	0.00759366
281.25	0.00308564
281.5	0.00821184
281.75	-0.00285555
282	0.00482721
282.25	0.00514771
282.5	0.00966308
282.75	0.00143987
283	0.0198767
283.025	0.0112233
283.05	0.0173019
283.075	0.0258879
283.1	0.013677
283.125	0.00668757
283.15	0.0255705
283.175	0.0158361
283.2	0.0142051
283.225	0.0189157
283.25	0.0239296
283.275	0.0264166
283.3	0.0173989
283.325	0.0299035
283.35	0.032525
283.375	0.0263861
283.4	0.0201449
283.425	0.037532
283.45	0.0370438
283.475	0.0457694
283.5	0.0457442
283.525	0.0405305
283.55	0.0520639
283.575	0.0576313
283.6	0.0575204
283.625	0.0745949
283.65	0.0639503
283.675	0.0771381
283.7	0.0849563
283.725	0.0998323
283.75	0.108943
283.775	0.102215
283.8	0.118483
283.825	0.119404
283.85	0.111542
283.875	0.133344
283.9	0.144672
283.925	0.151622
283.95	0.153141
283.975	0.145125
284	0.159405
284.025	0.16424
284.05	0.165928
284.075	0.196508
284.1	0.202784
284.125	0.220041
284.15	0.241123
284.175	0.265235
284.2	0.299192
284.225	0.300008
284.25	0.344151
284.275	0.370366
284.3	0.376916
284.325	0.398097
284.35	0.418993
284.375	0.425001
284.4	0.451107
284.425	0.454405
284.45	0.446973
284.475	0.466293
284.5	0.446402
284.525	0.490242
284.55	0.471977
284.575	0.467062
284.6	0.51419
284.625	0.487968
284.65	0.482041
284.675	0.502698
284.7	0.513676
284.725	0.537718
284.75	0.553649
284.775	0.575311
284.8	0.595308
284.825	0.609229
284.85	0.624526
284.875	0.657122
284.9	0.69579
284.925	0.708058
284.95	0.739829
284.975	0.775217
285	0.827908
285.025	0.854691
285.05	0.919589
285.075	0.953337
285.1	0.993341
285.125	1.04907
285.15	1.1112
285.175	1.14411
285.2	1.16178
285.225	1.23004
285.25	1.26721
285.275	1.33356
285.3	1.39485
285.325	1.44059
285.35	1.5131
285.375	1.58162
285.4	1.66073
285.425	1.70789
285.45	1.76282
285.475	1.80451
285.5	1.82857
285.525	1.81234
285.55	1.83435
285.575	1.78764
285.6	1.75636
285.625	1.71698
285.65	1.65673
285.675	1.61049
285.7	1.53914
285.725	1.5013
285.75	1.44971
285.775	1.36072
285.8	1.29818
285.825	1.20635
285.85	1.16017
285.875	1.10543
285.9	1.04482
285.925	0.975092
285.95	0.933888
285.975	0.865952
286	0.834936
286.025	0.809475
286.05	0.741932
286.075	0.730899
286.1	0.685546
286.125	0.666143
286.15	0.65278
286.175	0.618408
286.2	0.608294
286.225	0.604886
286.25	0.583169
286.275	0.585551
286.3	0.585139
286.325	0.563537
286.35	0.566608
286.375	0.54741
286.4	0.544171
286.425	0.562516
286.45	0.508476
286.475	0.54711
286.5	0.548136
286.525	0.553667
286.55	0.575215
286.575	0.560088
286.6	0.585369
286.625	0.599331
286.65	0.584387
286.675	0.593057
286.7	0.625391
286.725	0.60712
286.75	0.638525
286.775	0.632241
286.8	0.663573
286.825	0.676815
286.85	0.69084
286.875	0.697855
286.9	0.708293
286.925	0.739714
286.95	0.768776
286.975	0.786596
287	0.818518
287.025	0.876133
287.05	0.915452
287.075	0.948411
287.1	0.969975
287.125	1.02194
287.15	1.05199
287.175	1.09474
287.2	1.15156
287.225	1.15593
287.25	1.19497
287.275	1.25
287.3	1.24671
287.325	1.28374
287.35	1.33217
287.375	1.37142
287.4	1.37173
287.425	1.40496
287.45	1.42343
287.475	1.44318
287.5	1.45466
287.525	1.48528
287.55	1.47843
287.575	1.51402
287.6	1.54744
287.625	1.54974
287.65	1.58133
287.675	1.61974
287.7	1.62259
287.725	1.66063
287.75	1.67859
287.775	1.71014
287.8	1.72402
287.825	1.7537
287.85	1.75851
287.875	1.80974
287.9	1.83773
287.925	1.85208
287.95	1.87655
287.975	1.89494
288	1.90018
288.025	1.93877
288.05	1.97445
288.075	1.96727
288.1	1.97783
288.125	1.99751
288.15	2.01125
288.175	2.03581
288.2	2.04648
288.225	2.03877
288.25	2.05907
288.275	2.06581
288.3	2.07414
288.325	2.06153
288.35	2.07395
288.375	2.09201
288.4	2.09769
288.425	2.09375
288.45	2.12143
288.475	2.1171
288.5	2.13071
288.525	2.14234
288.55	2.15704
288.575	2.15223
288.6	2.15442
288.625	2.18105
288.65	2.18789
288.675	2.19
288.7	2.18028
288.725	2.18438
288.75	2.17875
288.775	2.17561
288.8	2.16782
288.825	2.16334
288.85	2.14979
288.875	2.12954
288.9	2.1336
288.925	2.1143
288.95	2.11183
288.975	2.12048
289	2.10683
289.025	2.11669
289.05	2.08901
289.075	2.10954
289.1	2.08194
289.125	2.08628
289.15	2.08776
289.175	2.07709
289.2	2.0718
289.225	2.08549
289.25	2.05434
289.275	2.05531
289.3	2.05305
289.325	2.06488
289.35	2.05069
289.375	2.05086
289.4	2.03173
289.425	2.05719
289.45	2.07355
289.475	2.0471
289.5	2.05075
289.525	2.05779
289.55	2.06154
289.575	2.07702
289.6	2.04667
289.625	2.04871
289.65	2.0642
289.675	2.07266
289.7	2.09113
289.725	2.07791
289.75	2.0811
289.775	2.0979
289.8	2.0943
289.825	2.10631
289.85	2.12246
289.875	2.11752
289.9	2.13708
289.925	2.13234
289.95	2.16296
289.975	2.15388
290	2.15424
290.025	2.15847
290.05	2.17495
290.075	2.20751
290.1	2.22101
290.125	2.21508
290.15	2.23655
290.175	2.22999
290.2	2.24086
290.225	2.27077
290.25	2.2715
290.275	2.27546
290.3	2.29591
290.325	2.30473
290.35	2.32121
290.375	2.30939
290.4	2.33672
290.425	2.36251
290.45	2.34845
290.475	2.37681
290.5	2.37138
290.525	2.36583
290.55	2.35817
290.575	2.38159
290.6	2.39507
290.625	2.41958
290.65	2.41562
290.675	2.43979
290.7	2.43117
290.725	2.44793
290.75	2.45837
290.775	2.46649
290.8	2.47316
290.825	2.4828
290.85	2.484
290.875	2.49571
290.9	2.48367
290.925	2.49428
290.95	2.52173
290.975	2.50045
291	2.54985
291.025	2.53621
291.05	2.53839
291.075	2.54967
291.1	2.55684
291.125	2.57947
291.15	2.52351
291.175	2.55532
291.2	2.56136
291.225	2.57847
291.25	2.5895
291.275	2.59096
291.3	2.60521
291.325	2.63725
291.35	2.61954
291.375	2.63609
291.4	2.61328
291.425	2.6204
291.45	2.65177
291.475	2.66062
291.5	2.64503
291.75	2.70797
292	2.76882
292.25	2.77562
292.5	2.84034
292.75	2.84679
293	2.84433
293.25	2.85944
293.5	2.84477
293.75	2.82094
294	2.79617
294.25	2.75439
294.5	2.72545
294.75	2.67947
295	2.68809
295.25	2.69391
295.5	2.62712
295.75	2.65708
296	2.64234
296.25	2.6018
296.5	2.58748
296.75	2.58462
297	2.58007
297.25	2.56474
297.5	2.54895
297.75	2.5387
298	2.51429
298.25	2.52459
298.5	2.5076
298.75	2.48711
299	2.48402
299.25	2.46614
299.5	2.4244
299.75	2.44451
300	2.41595
300.5	2.39753
301	2.35866
301.5	2.32313
302	2.2896
302.5	2.24205
303	2.21477
303.5	2.17613
304	2.11596
304.5	2.04815
305	2.0097
305.5	1.94042
306	1.88912
306.5	1.82414
307	1.79088
307.5	1.73715
308	1.70907
308.5	1.68654
309	1.62295
309.5	1.596
310	1.55283
310.5	1.53242
311	1.50692
311.5	1.4858
312	1.46595
312.5	1.45497
313	1.42024
313.5	1.42274
314	1.41141
314.5	1.38618
315	1.39672
315.5	1.37583
316	1.37642
316.5	1.35929
317	1.33709
317.5	1.33337
318	1.34527
318.5	1.33188
319	1.32591
319.5	1.31572
320	1.32513
320.5	1.31229
321	1.29262
321.5	1.29586
322	1.29099
322.5	1.27741
323	1.28659
323.5	1.27898
324	1.27624
324.5	1.27817
325	1.25847
325.5	1.26216
326	1.24579
326.5	1.24702
327	1.22302
327.5	1.21731
328	1.22291
328.5	1.21361
329	1.21278
329.5	1.20431
330	1.2013
332	1.17089
334	1.13988
336	1.10783
338	1.07802
340	1.06997
342	1.04882
344	1.02839
346	1.01957
348	0.999496
350	1
352	0.975743
354	0.969675
356	0.958391
358	0.930622
360	0.93136
362	0.912597
364	0.90582
366	0.894166
368	0.878179
370	0.861217
372	0.853713
374	0.846048
376	0.817114
378	0.822846
380	0.794012
382	0.79977
384	0.774577
386	0.763179
388	0.755025
