278	0.00136261
278.25	-0.00119962
278.5	-0.00349485
278.75	-0.00197642
279	-0.00116286
279.25	-0.000906206
279.5	-0.0033881
279.75	-0.00369033
280	0
280.25	-0.000409889
280.5	-0.00158481
280.75	-0.00192456
281	-0.000761959
281.25	0.00282825
281.5	0.00193937
281.75	0.00258728
282	0.00389652
282.25	0.0036702
282.5	0.00592569
282.75	0.00647411
283	0.0146396
283.025	0.0147279
283.05	0.0149853
283.075	0.0110999
283.1	0.0159568
283.125	0.015097
283.15	0.0180701
283.175	0.0181498
283.2	0.0182108
283.225	0.0236995
283.25	0.0239711
283.275	0.0252466
283.3	0.0267672
283.325	0.031628
283.35	0.0324226
283.375	0.0345481
283.4	0.0383785
283.425	0.0399907
283.45	0.0434649
283.475	0.0516844
283.5	0.0529113
283.525	0.0585311
283.55	0.0673017
283.575	0.0775162
283.6	0.087009
283.625	0.101338
283.65	0.116747
283.675	0.131529
283.7	0.150618
283.725	0.164716
283.75	0.181521
283.775	0.201088
283.8	0.211422
283.825	0.231064
283.85	0.242278
283.875	0.262482
283.9	0.270827
283.925	0.28555
283.95	0.300086
283.975	0.316063
284	0.340229
284.025	0.362696
284.05	0.379431
284.075	0.415824
284.1	0.456948
284.125	0.499129
284.15	0.534604
284.175	0.609691
284.2	0.663293
284.225	0.707407
284.25	0.78735
284.275	0.853501
284.3	0.902684
284.325	0.930383
284.35	0.979102
284.375	0.993342
284.4	1.00243
284.425	1.01499
284.45	1.00835
284.475	1.00255
284.5	1.00578
284.525	0.983357
284.55	0.98388
284.575	0.976654
284.6	0.977628
284.625	0.986888
284.65	0.993485
284.675	1.00365
284.7	1.01206
284.725	1.03464
284.75	1.05994
284.775	1.09399
284.8	1.11823
284.825	1.15912
284.85	1.19201
284.875	1.21505
284.9	1.2641
284.925	1.31414
284.95	1.34909
284.975	1.40334
285	1.46189
285.025	1.51714
285.05	1.5677
285.075	1.61597
285.1	1.69087
285.125	1.73983
285.15	1.77975
285.175	1.82863
285.2	1.89945
285.225	1.96594
285.25	2.04589
285.275	2.12249
285.3	2.23287
285.325	2.32839
285.35	2.45636
285.375	2.60933
285.4	2.74122
285.425	2.84755
285.45	2.96304
285.475	3.04129
285.5	3.13681
285.525	3.16058
285.55	3.18606
285.575	3.17892
285.6	3.15054
285.625	3.13488
285.65	3.09148
285.675	3.04424
285.7	3.00097
285.725	2.94038
285.75	2.8808
285.775	2.77106
285.8	2.72046
285.825	2.60808
285.85	2.51774
285.875	2.40309
285.9	2.28146
285.925	2.16814
285.95	2.06415
285.975	1.93021
286	1.82134
286.025	1.71101
286.05	1.58472
286.075	1.47964
286.1	1.37256
286.125	1.28535
286.15	1.22481
286.175	1.13196
286.2	1.05959
286.225	1.00946
286.25	0.938584
286.275	0.900492
286.3	0.852758
286.325	0.828062
286.35	0.795253
286.375	0.76752
286.4	0.750134
286.425	0.730506
286.45	0.71452
286.475	0.707758
286.5	0.690543
286.525	0.688032
286.55	0.681878
286.575	0.680028
286.6	0.683843
286.625	0.685713
286.65	0.684408
286.675	0.688554
286.7	0.696688
286.725	0.703379
286.75	0.715022
286.775	0.724758
286.8	0.737437
286.825	0.74362
286.85	0.763425
286.875	0.780351
286.9	0.796302
286.925	0.822424
286.95	0.839389
286.975	0.862816
287	0.885836
287.025	0.907556
287.05	0.942709
287.075	0.974181
287.1	1.00552
287.125	1.03092
287.15	1.07909
287.175	1.10689
287.2	1.13534
287.225	1.16611
287.25	1.19603
287.275	1.23875
287.3	1.26923
287.325	1.2982
287.35	1.31777
287.375	1.35203
287.4	1.38285
287.425	1.40223
287.45	1.4215
287.475	1.43884
287.5	1.46909
287.525	1.48836
287.55	1.48872
287.575	1.50823
287.6	1.52725
287.625	1.54024
287.65	1.54358
287.675	1.55347
287.7	1.57337
287.725	1.5865
287.75	1.58758
287.775	1.60896
287.8	1.62
287.825	1.63618
287.85	1.65427
287.875	1.66178
287.9	1.68145
287.925	1.69539
287.95	1.71198
287.975	1.72381
288	1.73658
288.025	1.74102
288.05	1.75866
288.075	1.76624
288.1	1.7787
288.125	1.79532
288.15	1.79592
288.175	1.8127
288.2	1.82319
288.225	1.82962
288.25	1.84924
288.275	1.85459
288.3	1.8642
288.325	1.88206
288.35	1.89309
288.375	1.90937
288.4	1.92493
288.425	1.93344
288.45	1.96594
288.475	1.97241
288.5	1.99545
288.525	2.00014
288.55	2.01714
288.575	2.04627
288.6	2.04983
288.625	2.06397
288.65	2.08544
288.675	2.09204
288.7	2.10269
288.725	2.11067
288.75	2.11883
288.775	2.12574
288.8	2.132
288.825	2.14024
288.85	2.1481
288.875	2.14973
288.9	2.14891
288.925	2.15409
288.95	2.15055
288.975	2.15176
289	2.14834
289.025	2.15779
289.05	2.15049
289.075	2.14123
289.1	2.12856
289.125	2.13036
289.15	2.11917
289.175	2.12466
289.2	2.10864
289.225	2.0975
289.25	2.09342
289.275	2.08386
289.3	2.06846
289.325	2.06797
289.35	2.0552
289.375	2.04072
289.4	2.03985
289.425	2.03293
289.45	2.02326
289.475	1.99878
289.5	1.9997
289.525	1.99906
289.55	1.98393
289.575	1.97976
289.6	1.97525
289.625	1.96397
289.65	1.95748
289.675	1.96042
289.7	1.95846
289.725	1.94712
289.75	1.95458
289.775	1.94846
289.8	1.94852
289.825	1.94854
289.85	1.95292
289.875	1.94901
289.9	1.95493
289.925	1.95493
289.95	1.96678
289.975	1.96399
290	1.96964
290.025	1.97508
290.05	1.9874
290.075	1.99058
290.1	1.99998
290.125	2.00281
290.15	2.01406
290.175	2.01556
290.2	2.02746
290.225	2.04434
290.25	2.04652
290.275	2.06365
290.3	2.06874
290.325	2.08004
290.35	2.08018
290.375	2.09085
290.4	2.10342
290.425	2.10413
290.45	2.11828
290.475	2.11823
290.5	2.13252
290.525	2.13325
290.55	2.14301
290.575	2.14948
290.6	2.15432
290.625	2.15682
290.65	2.15609
290.675	2.16902
290.7	2.17118
290.725	2.17492
290.75	2.18195
290.775	2.18932
290.8	2.19758
290.825	2.20329
290.85	2.20417
290.875	2.20815
290.9	2.21176
290.925	2.21886
290.95	2.22893
290.975	2.23233
291	2.23313
291.025	2.24753
291.05	2.24446
291.075	2.24477
291.1	2.25116
291.125	2.26352
291.15	2.26605
291.175	2.26366
291.2	2.27203
291.225	2.29268
291.25	2.28655
291.275	2.29071
291.3	2.30002
291.325	2.29565
291.35	2.30184
291.375	2.30984
291.4	2.3091
291.425	2.32682
291.45	2.31086
291.475	2.3183
291.5	2.32758
291.75	2.36638
292	2.41784
292.25	2.45784
292.5	2.50236
292.75	2.54498
293	2.59185
293.25	2.63309
293.5	2.66445
293.75	2.67865
294	2.67919
294.25	2.65516
294.5	2.66388
294.75	2.65748
295	2.65666
295.25	2.64214
295.5	2.63072
295.75	2.61449
296	2.59703
296.25	2.59672
296.5	2.57033
296.75	2.54825
297	2.54104
297.25	2.53741
297.5	2.54112
297.75	2.51555
298	2.5165
298.25	2.50154
298.5	2.50195
298.75	2.49195
299	2.49767
299.25	2.49852
299.5	2.48743
299.75	2.48964
300	2.47923
300.5	2.48265
301	2.47417
301.5	2.46138
302	2.44925
302.5	2.43516
303	2.41002
303.5	2.37571
304	2.32027
304.5	2.267
305	2.2053
305.5	2.14732
306	2.0819
306.5	2.0258
307	1.96172
307.5	1.90235
308	1.84818
308.5	1.80285
309	1.75505
309.5	1.71288
310	1.67568
310.5	1.64034
311	1.61121
311.5	1.58789
312	1.56379
312.5	1.53991
313	1.5209
313.5	1.50036
314	1.48915
314.5	1.47379
315	1.46109
315.5	1.44665
316	1.43369
316.5	1.41914
317	1.41455
317.5	1.40281
318	1.39959
318.5	1.38877
319	1.37886
319.5	1.37626
320	1.36737
320.5	1.36561
321	1.36162
321.5	1.35689
322	1.35645
322.5	1.34684
323	1.34469
323.5	1.33888
324	1.33382
324.5	1.32939
325	1.32378
325.5	1.31406
326	1.30919
326.5	1.30583
327	1.29916
327.5	1.29292
328	1.28227
328.5	1.27295
329	1.26589
329.5	1.25261
330	1.24766
332	1.20918
334	1.17165
336	1.14108
338	1.1094
340	1.08886
342	1.06095
344	1.04647
346	1.0308
348	1.01552
350	1
352	0.987637
354	0.980044
356	0.971288
358	0.960865
360	0.953556
362	0.94251
364	0.934795
366	0.923055
368	0.911932
370	0.900177
372	0.881371
374	0.872079
376	0.859419
378	0.845776
380	0.833582
382	0.818355
384	0.807771
386	0.79125
388	0.781589
