278	0.000553041
278.25	-0.000648238
278.5	-0.00145001
278.75	0.00012222
279	0.00148463
279.25	-0.00111109
279.5	0.00082241
279.75	0.000958859
280	0
280.25	-0.00167054
280.5	-0.00479419
280.75	0.00246297
281	0.00162302
281.25	0.00355317
281.5	0.000322309
281.75	0.0029179
282	0.00739615
282.25	0.00504476
282.5	0.00952792
282.75	0.00948084
283	0.013525
283.025	0.0148249
283.05	0.015021
283.075	0.0160524
283.1	0.0155042
283.125	0.0203339
283.15	0.0194403
283.175	0.0180516
283.2	0.0209479
283.225	0.0219846
283.25	0.0214679
283.275	0.0215317
283.3	0.0232072
283.325	0.0236092
283.35	0.0256013
283.375	0.0274365
283.4	0.0260032
283.425	0.0307
283.45	0.0264946
283.475	0.0343092
283.5	0.0345419
283.525	0.0395831
283.55	0.0440176
283.575	0.0460416
283.6	0.0518942
283.625	0.0546927
283.65	0.0603487
283.675	0.0689886
283.7	0.0746373
283.725	0.0810417
283.75	0.0863148
283.775	0.0950075
283.8	0.0999791
283.825	0.109476
283.85	0.117143
283.875	0.126428
283.9	0.131718
283.925	0.146358
283.95	0.15613
283.975	0.164703
284	0.170543
284.025	0.188935
284.05	0.203505
284.075	0.216629
284.1	0.235272
284.125	0.247235
284.15	0.261533
284.175	0.288528
284.2	0.303507
284.225	0.315796
284.25	0.327153
284.275	0.340246
284.3	0.347202
284.325	0.363046
284.35	0.370566
284.375	0.367178
284.4	0.373583
284.425	0.388867
284.45	0.389412
284.475	0.396222
284.5	0.399366
284.525	0.411719
284.55	0.43085
284.575	0.444066
284.6	0.475294
284.625	0.489522
284.65	0.509723
284.675	0.540822
284.7	0.5764
284.725	0.60635
284.75	0.647868
284.775	0.676777
284.8	0.724009
284.825	0.78009
284.85	0.842652
284.875	0.88874
284.9	0.966267
284.925	1.05073
284.95	1.11085
284.975	1.18441
285	1.25733
285.025	1.32813
285.05	1.38762
285.075	1.45417
285.1	1.48609
285.125	1.53142
285.15	1.57753
285.175	1.63475
285.2	1.66854
285.225	1.71839
285.25	1.78985
285.275	1.89205
285.3	1.97398
285.325	2.06881
285.35	2.16684
285.375	2.23263
285.4	2.27248
285.425	2.30803
285.45	2.29269
285.475	2.26101
285.5	2.22108
285.525	2.16956
285.55	2.08671
285.575	2.02299
285.6	1.95923
285.625	1.85706
285.65	1.76447
285.675	1.69869
285.7	1.61573
285.725	1.52711
285.75	1.41874
285.775	1.36619
285.8	1.28583
285.825	1.21289
285.85	1.14315
285.875	1.08645
285.9	1.02988
285.925	0.958275
285.95	0.927959
285.975	0.888635
286	0.853135
286.025	0.804773
286.05	0.779646
286.075	0.755077
286.1	0.730819
286.125	0.702438
286.15	0.688772
286.175	0.676913
286.2	0.657109
286.225	0.643728
286.25	0.63984
286.275	0.638212
286.3	0.619675
286.325	0.623761
286.35	0.617631
286.375	0.615608
286.4	0.614059
286.425	0.616312
286.45	0.615907
286.475	0.622609
286.5	0.626668
286.525	0.637792
286.55	0.639461
286.575	0.649034
286.6	0.653572
286.625	0.663725
286.65	0.673326
286.675	0.687583
286.7	0.697757
286.725	0.719503
286.75	0.74281
286.775	0.761675
286.8	0.78414
286.825	0.8141
286.85	0.847784
286.875	0.863237
286.9	0.903225
286.925	0.947115
286.95	0.979845
286.975	1.02062
287	1.05472
287.025	1.09868
287.05	1.14598
287.075	1.18746
287.1	1.21558
287.125	1.24983
287.15	1.2904
287.175	1.3194
287.2	1.35944
287.225	1.37939
287.25	1.40955
287.275	1.43966
287.3	1.45109
287.325	1.47708
287.35	1.50033
287.375	1.51405
287.4	1.53159
287.425	1.54664
287.45	1.56176
287.475	1.57782
287.5	1.5883
287.525	1.60699
287.55	1.62782
287.575	1.64735
287.6	1.66814
287.625	1.68664
287.65	1.70846
287.675	1.74318
287.7	1.76265
287.725	1.78291
287.75	1.81572
287.775	1.83693
287.8	1.86375
287.825	1.89518
287.85	1.92496
287.875	1.94741
287.9	1.97575
287.925	1.99524
287.95	2.01768
287.975	2.04522
288	2.05027
288.025	2.07369
288.05	2.09
288.075	2.10087
288.1	2.10759
288.125	2.11783
288.15	2.12369
288.175	2.12766
288.2	2.12656
288.225	2.12913
288.25	2.1388
288.275	2.14224
288.3	2.13435
288.325	2.1422
288.35	2.14835
288.375	2.15572
288.4	2.15487
288.425	2.16297
288.45	2.16037
288.475	2.16476
288.5	2.16473
288.525	2.16578
288.55	2.17141
288.575	2.17733
288.6	2.17933
288.625	2.17951
288.65	2.17425
288.675	2.17811
288.7	2.17625
288.725	2.17258
288.75	2.17698
288.775	2.16518
288.8	2.16448
288.825	2.16956
288.85	2.15122
288.875	2.1528
288.9	2.14606
288.925	2.1467
288.95	2.13633
288.975	2.1306
289	2.13624
289.025	2.12365
289.05	2.11803
289.075	2.11873
289.1	2.11568
289.125	2.10266
289.15	2.10493
289.175	2.09939
289.2	2.08844
289.225	2.08751
289.25	2.07686
289.275	2.08788
289.3	2.0904
289.325	2.08466
289.35	2.07891
289.375	2.07602
289.4	2.0676
289.425	2.07043
289.45	2.07567
289.475	2.07041
289.5	2.07207
289.525	2.07042
289.55	2.06804
289.575	2.06466
289.6	2.07239
289.625	2.08294
289.65	2.08072
289.675	2.08044
289.7	2.08342
289.725	2.0839
289.75	2.09437
289.775	2.10017
289.8	2.10989
289.825	2.1124
289.85	2.12007
289.875	2.13352
289.9	2.13867
289.925	2.1355
289.95	2.14282
289.975	2.15933
290	2.18159
290.025	2.18597
290.05	2.19483
290.075	2.20416
290.1	2.21216
290.125	2.21221
290.15	2.23714
290.175	2.23668
290.2	2.25417
290.225	2.26498
290.25	2.26665
290.275	2.27334
290.3	2.28142
290.325	2.29149
290.35	2.31094
290.375	2.30409
290.4	2.3083
290.425	2.32508
290.45	2.32837
290.475	2.33423
290.5	2.33121
290.525	2.35499
290.55	2.34966
290.575	2.35716
290.6	2.36899
290.625	2.38077
290.65	2.38414
290.675	2.39774
290.7	2.40342
290.725	2.40392
290.75	2.40801
290.775	2.41515
290.8	2.42609
290.825	2.42923
290.85	2.44084
290.875	2.44943
290.9	2.45275
290.925	2.45717
290.95	2.45903
290.975	2.48116
291	2.48251
291.025	2.4924
291.05	2.50066
291.075	2.48989
291.1	2.50478
291.125	2.51764
291.15	2.51506
291.175	2.51673
291.2	2.51736
291.225	2.53803
291.25	2.53605
291.275	2.54488
291.3	2.55169
291.325	2.54828
291.35	2.55549
291.375	2.57349
291.4	2.58026
291.425	2.59155
291.45	2.5931
291.475	2.58437
291.5	2.59378
291.75	2.65938
292	2.69176
292.25	2.72618
292.5	2.75502
292.75	2.75597
293	2.74308
293.25	2.75366
293.5	2.73811
293.75	2.7308
294	2.71314
294.25	2.66557
294.5	2.64142
294.75	2.61761
295	2.59332
295.25	2.5717
295.5	2.56284
295.75	2.55637
296	2.55376
296.25	2.53593
296.5	2.52337
296.75	2.50878
297	2.50287
297.25	2.49176
297.5	2.47492
297.75	2.4818
298	2.45482
298.25	2.44792
298.5	2.43814
298.75	2.42542
299	2.41677
299.25	2.40824
299.5	2.39405
299.75	2.37741
300	2.35767
300.5	2.34136
301	2.31619
301.5	2.28936
302	2.26734
302.5	2.24095
303	2.2045
303.5	2.15772
304	2.11785
304.5	2.06697
305	2.01283
305.5	1.95008
306	1.90389
306.5	1.84793
307	1.80144
307.5	1.75172
308	1.71105
308.5	1.67171
309	1.63537
309.5	1.60639
310	1.57692
310.5	1.54397
311	1.52261
311.5	1.49887
312	1.48412
312.5	1.46346
313	1.44926
313.5	1.43741
314	1.42036
314.5	1.40803
315	1.40091
315.5	1.39097
316	1.38487
316.5	1.37182
317	1.36105
317.5	1.35916
318	1.35181
318.5	1.34053
319	1.33764
319.5	1.33292
320	1.32919
320.5	1.31848
321	1.31935
321.5	1.31002
322	1.30646
322.5	1.3018
323	1.29888
323.5	1.29276
324	1.28626
324.5	1.28242
325	1.2726
325.5	1.27241
326	1.26078
326.5	1.25549
327	1.24422
327.5	1.24702
328	1.23974
328.5	1.22714
329	1.22222
329.5	1.21089
330	1.20348
332	1.17292
334	1.14163
336	1.11203
338	1.09048
340	1.07099
342	1.05716
344	1.03722
346	1.0263
348	1.01003
350	1
352	0.988165
354	0.976007
356	0.964669
358	0.951121
360	0.93968
362	0.927803
364	0.918141
366	0.905093
368	0.895581
370	0.878968
372	0.866988
374	0.855752
376	0.8379
378	0.826952
380	0.813199
382	0.802288
384	0.788844
386	0.780358
388	0.764671
